shape_id,shape_pt_lat,shape_pt_lon,shape_pt_sequence
118321,31.32775,-89.28566,0
118321,31.32771,-89.28571,1
118321,31.32768,-89.28573,2
118321,31.32766,-89.28574,3
118321,31.32764,-89.28574,4
118321,31.32763,-89.28574,5
118321,31.32762,-89.28573,6
118321,31.32757,-89.28571,7
118321,31.32753,-89.28567,8
118321,31.32749,-89.28561,9
118321,31.327,-89.28504,10
118321,31.32638,-89.28575,11
118321,31.32606,-89.28618,12
118321,31.32575,-89.28647,13
118321,31.32515,-89.28715,14
118321,31.32474,-89.28761,15
118321,31.32523,-89.2882,16
118321,31.32557,-89.28862,17
118321,31.32568,-89.28876,18
118321,31.32574,-89.28884,19
118321,31.32582,-89.28892,20
118321,31.32585,-89.28897,21
118321,31.32594,-89.28908,22
118321,31.32601,-89.28916,23
118321,31.32618,-89.28935,24
118321,31.32643,-89.28964,25
118321,31.32645,-89.28965,26
118321,31.32665,-89.28989,27
118321,31.32685,-89.29016,28
118321,31.32707,-89.2904,29
118321,31.32741,-89.29082,30
118321,31.32748,-89.2909,31
118321,31.32754,-89.29096,32
118321,31.32758,-89.29101,33
118321,31.32762,-89.29107,34
118321,31.32767,-89.29115,35
118321,31.32778,-89.29148,36
118321,31.32789,-89.29172,37
118321,31.32789,-89.29174,38
118321,31.32815,-89.29243,39
118321,31.32828,-89.29279,40
118321,31.32843,-89.29324,41
118321,31.32805,-89.29355,42
118321,31.32722,-89.29423,43
118321,31.32716,-89.29428,44
118321,31.3271,-89.29433,45
118321,31.32704,-89.29435,46
118321,31.32696,-89.29438,47
118321,31.3265,-89.29443,48
118321,31.32575,-89.2944,49
118321,31.32477,-89.29437,50
118321,31.32476,-89.29519,51
118321,31.32477,-89.29655,52
118321,31.32477,-89.29691,53
118321,31.32478,-89.29712,54
118321,31.32476,-89.29749,55
118321,31.32476,-89.29933,56
118321,31.32476,-89.29963,57
118321,31.32476,-89.29967,58
118321,31.32476,-89.29973,59
118321,31.32476,-89.29982,60
118321,31.32476,-89.30026,61
118321,31.32475,-89.30142,62
118321,31.32475,-89.30251,63
118321,31.32475,-89.30342,64
118321,31.32475,-89.30344,65
118321,31.32475,-89.30346,66
118321,31.32475,-89.30356,67
118321,31.32475,-89.30404,68
118321,31.32474,-89.30451,69
118321,31.32475,-89.3057,70
118321,31.32475,-89.30613,71
118321,31.32474,-89.30698,72
118321,31.32474,-89.30726,73
118321,31.32474,-89.30818,74
118321,31.32474,-89.30887,75
118321,31.32474,-89.30936,76
118321,31.32474,-89.30974,77
118321,31.32474,-89.30992,78
118321,31.32474,-89.31001,79
118321,31.32473,-89.31076,80
118321,31.32473,-89.31085,81
118321,31.32472,-89.31194,82
118321,31.32472,-89.31211,83
118321,31.32472,-89.31309,84
118321,31.32472,-89.31321,85
118321,31.32472,-89.3143,86
118321,31.32472,-89.31545,87
118321,31.32473,-89.31783,88
118321,31.32472,-89.31853,89
118321,31.32472,-89.31926,90
118321,31.32472,-89.31972,91
118321,31.32472,-89.32042,92
118321,31.32471,-89.32067,93
118321,31.32471,-89.32156,94
118321,31.32471,-89.32161,95
118321,31.32473,-89.32279,96
118321,31.32473,-89.32375,97
118321,31.32473,-89.32398,98
118321,31.32473,-89.32517,99
118321,31.32473,-89.32633,100
118321,31.32473,-89.3272,101
118321,31.32472,-89.32773,102
118321,31.32468,-89.32822,103
118321,31.3247,-89.32825,104
118321,31.32471,-89.32829,105
118321,31.32473,-89.32833,106
118321,31.32474,-89.32844,107
118321,31.32474,-89.32866,108
118321,31.32474,-89.32892,109
118321,31.32475,-89.32907,110
118321,31.32476,-89.32923,111
118321,31.32477,-89.32938,112
118321,31.32477,-89.32946,113
118321,31.32478,-89.32967,114
118321,31.32478,-89.3299,115
118321,31.32479,-89.33107,116
118321,31.32479,-89.33117,117
118321,31.32479,-89.33122,118
118321,31.32481,-89.33253,119
118321,31.32482,-89.33283,120
118321,31.32484,-89.33409,121
118321,31.32484,-89.33473,122
118321,31.32483,-89.33536,123
118321,31.32483,-89.33548,124
118321,31.32484,-89.33577,125
118321,31.32484,-89.33599,126
118321,31.32484,-89.3362,127
118321,31.32485,-89.33655,128
118321,31.32485,-89.3367,129
118321,31.32485,-89.33696,130
118321,31.32486,-89.33718,131
118321,31.32487,-89.33793,132
118321,31.32488,-89.33837,133
118321,31.32488,-89.33871,134
118321,31.32489,-89.33884,135
118321,31.32489,-89.33918,136
118321,31.3249,-89.33953,137
118321,31.3249,-89.33962,138
118321,31.32491,-89.3401,139
118321,31.32491,-89.34081,140
118321,31.32492,-89.34136,141
118321,31.32494,-89.34201,142
118321,31.32496,-89.3432,143
118321,31.32496,-89.34343,144
118321,31.32496,-89.34365,145
118321,31.32496,-89.34375,146
118321,31.32497,-89.34432,147
118321,31.32498,-89.34485,148
118321,31.32498,-89.34504,149
118321,31.32499,-89.3455,150
118321,31.32499,-89.34568,151
118321,31.32501,-89.34645,152
118321,31.32501,-89.34671,153
118321,31.32505,-89.34789,154
118321,31.32507,-89.34861,155
118321,31.32508,-89.34939,156
118321,31.32508,-89.3497,157
118321,31.32509,-89.35008,158
118321,31.32509,-89.35046,159
118321,31.32509,-89.35083,160
118321,31.32508,-89.35122,161
118321,31.32507,-89.35152,162
118321,31.32507,-89.35156,163
118321,31.32507,-89.35162,164
118321,31.32506,-89.35166,165
118321,31.32505,-89.35229,166
118321,31.32503,-89.35293,167
118321,31.32502,-89.35345,168
118321,31.325,-89.35379,169
118321,31.32497,-89.35404,170
118321,31.32492,-89.35446,171
118321,31.32489,-89.35468,172
118321,31.32483,-89.35504,173
118321,31.32478,-89.35537,174
118321,31.32476,-89.35551,175
118321,31.3247,-89.35591,176
118321,31.32463,-89.35632,177
118321,31.32457,-89.35678,178
118321,31.32444,-89.3576,179
118321,31.32431,-89.35849,180
118321,31.32427,-89.35879,181
118321,31.32423,-89.35905,182
118321,31.32417,-89.35937,183
118321,31.3239,-89.36114,184
118321,31.32386,-89.36136,185
118321,31.32375,-89.36209,186
118321,31.32359,-89.36303,187
118321,31.32345,-89.3638,188
118321,31.32337,-89.36433,189
118321,31.32329,-89.36486,190
118321,31.32329,-89.36489,191
118321,31.3232,-89.36563,192
118321,31.32315,-89.36607,193
118321,31.3232,-89.36613,194
118321,31.32324,-89.3662,195
118321,31.32327,-89.36623,196
118321,31.3233,-89.36625,197
118321,31.32333,-89.36627,198
118321,31.32337,-89.36628,199
118321,31.32351,-89.36633,200
118321,31.3239,-89.36625,201
118321,31.32398,-89.36623,202
118321,31.32406,-89.3662,203
118321,31.32457,-89.36609,204
118321,31.32484,-89.36601,205
118321,31.32497,-89.36598,206
118321,31.32534,-89.36587,207
118321,31.32538,-89.36608,208
118321,31.3254,-89.36614,209
118321,31.32542,-89.36613,210
118321,31.32545,-89.36613,211
118321,31.32547,-89.36613,212
118321,31.32549,-89.36613,213
118321,31.32551,-89.36613,214
118321,31.32552,-89.36613,215
118321,31.32553,-89.36614,216
118321,31.32554,-89.36614,217
118321,31.32554,-89.36615,218
118321,31.32555,-89.36616,219
118321,31.32556,-89.36619,220
118321,31.32556,-89.36621,221
118321,31.32556,-89.36624,222
118321,31.32556,-89.36626,223
118321,31.32556,-89.36627,224
118321,31.32555,-89.36629,225
118321,31.32554,-89.36629,226
118321,31.32552,-89.3663,227
118321,31.32544,-89.36632,228
118321,31.32549,-89.36658,229
118321,31.32553,-89.36681,230
118321,31.32556,-89.36698,231
118321,31.32557,-89.36702,232
118321,31.32562,-89.36738,233
118321,31.32566,-89.36758,234
118321,31.32555,-89.3676,235
118321,31.32519,-89.3676,236
118321,31.3251,-89.3676,237
118321,31.32496,-89.36761,238
118321,31.32494,-89.36761,239
118321,31.32489,-89.36761,240
118321,31.32477,-89.36761,241
118321,31.32386,-89.36764,242
118321,31.32382,-89.36764,243
118321,31.32329,-89.36764,244
118321,31.32316,-89.36769,245
118321,31.32312,-89.36772,246
118321,31.32309,-89.36773,247
118321,31.32306,-89.36776,248
118321,31.32304,-89.3678,249
118321,31.32301,-89.36784,250
118321,31.32293,-89.368,251
118321,31.32289,-89.36852,252
118321,31.32277,-89.36994,253
118321,31.32268,-89.37087,254
118321,31.32263,-89.37135,255
118321,31.32259,-89.37182,256
118321,31.32258,-89.37188,257
118321,31.32253,-89.37275,258
118321,31.3226,-89.3731,259
118321,31.32262,-89.37315,260
118321,31.32265,-89.37322,261
118321,31.32271,-89.3733,262
118321,31.3228,-89.37337,263
118321,31.32293,-89.37346,264
118321,31.32365,-89.37346,265
118321,31.32415,-89.37349,266
118321,31.32508,-89.37353,267
118321,31.32517,-89.37353,268
118321,31.32519,-89.37353,269
118321,31.32517,-89.37353,270
118321,31.32516,-89.37397,271
118321,31.32516,-89.37428,272
118321,31.32508,-89.37428,273
118321,31.32488,-89.37427,274
118321,31.32468,-89.37427,275
118321,31.32458,-89.37427,276
118321,31.32442,-89.37427,277
118321,31.32429,-89.37427,278
118321,31.32413,-89.37427,279
118321,31.32407,-89.37427,280
118321,31.324,-89.37427,281
118321,31.32394,-89.37428,282
118321,31.32393,-89.37428,283
118321,31.32383,-89.3743,284
118321,31.3238,-89.3743,285
118321,31.32366,-89.37437,286
118321,31.32358,-89.37443,287
118321,31.32355,-89.37447,288
118321,31.32353,-89.37449,289
118321,31.32347,-89.37458,290
118321,31.32343,-89.37466,291
118321,31.3234,-89.37477,292
118321,31.32338,-89.3749,293
118321,31.32335,-89.37517,294
118321,31.32334,-89.37529,295
118321,31.32332,-89.3755,296
118321,31.32331,-89.37567,297
118321,31.32329,-89.37585,298
118321,31.32328,-89.37605,299
118321,31.32327,-89.37619,300
118321,31.32325,-89.37634,301
118321,31.32324,-89.37651,302
118321,31.32323,-89.37688,303
118321,31.32324,-89.37689,304
118321,31.32324,-89.37697,305
118321,31.32325,-89.37705,306
118321,31.32325,-89.37707,307
118321,31.32328,-89.37713,308
118321,31.32331,-89.3772,309
118321,31.32335,-89.37726,310
118321,31.32343,-89.37735,311
118321,31.32351,-89.37742,312
118321,31.32352,-89.37742,313
118321,31.32359,-89.37746,314
118321,31.32369,-89.37749,315
118321,31.32376,-89.3775,316
118321,31.32384,-89.3775,317
118321,31.32392,-89.3775,318
118321,31.32407,-89.37751,319
118321,31.32421,-89.37752,320
118321,31.32437,-89.37753,321
118321,31.32452,-89.37755,322
118321,31.32467,-89.37756,323
118321,31.32482,-89.37758,324
118321,31.32492,-89.37764,325
118321,31.32495,-89.37766,326
118321,31.32502,-89.37773,327
118321,31.32516,-89.37792,328
118321,31.32523,-89.37798,329
118321,31.32526,-89.37802,330
118321,31.32535,-89.37807,331
118321,31.32544,-89.3781,332
118321,31.32548,-89.3781,333
118321,31.32553,-89.3781,334
118321,31.32563,-89.37811,335
118321,31.32578,-89.3781,336
118321,31.32593,-89.3781,337
118321,31.32608,-89.37811,338
118321,31.32623,-89.3781,339
118321,31.32638,-89.3781,340
118321,31.32654,-89.3781,341
118321,31.32668,-89.3781,342
118321,31.32683,-89.3781,343
118321,31.32691,-89.3781,344
118321,31.32699,-89.3781,345
118321,31.32715,-89.3781,346
118321,31.3272,-89.3781,347
118321,31.32729,-89.3781,348
118321,31.32743,-89.37811,349
118321,31.3276,-89.37811,350
118321,31.32777,-89.37811,351
118321,31.32778,-89.3784,352
118321,31.32778,-89.37862,353
118321,31.32777,-89.37885,354
118321,31.32777,-89.37907,355
118321,31.32777,-89.37918,356
118321,31.32777,-89.37934,357
118321,31.32754,-89.37932,358
118321,31.3274,-89.3793,359
118321,31.32719,-89.37928,360
118321,31.32699,-89.37928,361
118321,31.32674,-89.37927,362
118321,31.32653,-89.37929,363
118321,31.32636,-89.37936,364
118321,31.32621,-89.37949,365
118321,31.32564,-89.38015,366
118321,31.32509,-89.38085,367
118321,31.32478,-89.38114,368
118321,31.32466,-89.38116,369
118321,31.32452,-89.38117,370
118321,31.32417,-89.38117,371
118321,31.32375,-89.38117,372
118321,31.32345,-89.38117,373
118321,31.3229,-89.38119,374
118321,31.32216,-89.3812,375
118321,31.32174,-89.38122,376
118321,31.3215,-89.3812,377
118321,31.32162,-89.38005,378
118321,31.3217,-89.37942,379
118321,31.32175,-89.37903,380
118321,31.32176,-89.37886,381
118321,31.32182,-89.37817,382
118321,31.32183,-89.37814,383
118321,31.32159,-89.37816,384
118321,31.3213,-89.37817,385
118321,31.32119,-89.37817,386
118321,31.32107,-89.37817,387
118321,31.32062,-89.37826,388
118321,31.32051,-89.37828,389
118321,31.32048,-89.37828,390
118321,31.32045,-89.37828,391
118321,31.32043,-89.37898,392
118321,31.32043,-89.37937,393
118321,31.32048,-89.37938,394
118321,31.32072,-89.37938,395
118321,31.32115,-89.3794,396
118321,31.32164,-89.37942,397
118321,31.3217,-89.37942,398
118321,31.32175,-89.37903,399
118321,31.32176,-89.37886,400
118321,31.32183,-89.37814,401
118321,31.3219,-89.37736,402
118321,31.32192,-89.37724,403
118321,31.32196,-89.37679,404
118321,31.32197,-89.37667,405
118321,31.32202,-89.37595,406
118321,31.3221,-89.37512,407
118321,31.32217,-89.37438,408
118321,31.32219,-89.37404,409
118321,31.32222,-89.37343,410
118321,31.32227,-89.373,411
118321,31.32234,-89.37207,412
118321,31.32235,-89.37182,413
118321,31.32235,-89.37177,414
118321,31.32237,-89.37149,415
118321,31.32239,-89.37138,416
118321,31.32244,-89.37087,417
118321,31.32258,-89.36931,418
118321,31.32269,-89.36823,419
118321,31.32275,-89.36759,420
118321,31.32283,-89.36679,421
118321,31.32285,-89.36665,422
118321,31.32289,-89.36624,423
118321,31.323,-89.3653,424
118321,31.32305,-89.36483,425
118321,31.32317,-89.36415,426
118321,31.32324,-89.36368,427
118321,31.32329,-89.36342,428
118321,31.32337,-89.36293,429
118321,31.32342,-89.36264,430
118321,31.32351,-89.36205,431
118321,31.32368,-89.36094,432
118321,31.32375,-89.36061,433
118321,31.32378,-89.36034,434
118321,31.32394,-89.35933,435
118321,31.32394,-89.35929,436
118321,31.32348,-89.35927,437
118321,31.32316,-89.35926,438
118321,31.32305,-89.35925,439
118321,31.32305,-89.35901,440
118321,31.32306,-89.35879,441
118321,31.32306,-89.35859,442
118321,31.32306,-89.35835,443
118321,31.32306,-89.35818,444
118321,31.32306,-89.35815,445
118321,31.32306,-89.358,446
118321,31.32306,-89.35794,447
118321,31.32306,-89.35789,448
118321,31.32306,-89.35774,449
118321,31.32306,-89.35768,450
118321,31.32306,-89.35757,451
118321,31.32306,-89.35752,452
118321,31.32306,-89.35744,453
118321,31.32307,-89.35731,454
118321,31.32307,-89.35723,455
118321,31.32307,-89.3571,456
118321,31.32307,-89.35675,457
118321,31.32307,-89.35637,458
118321,31.32307,-89.35634,459
118321,31.32249,-89.35635,460
118321,31.32249,-89.35595,461
118321,31.32252,-89.35595,462
118321,31.32292,-89.35596,463
118321,31.32322,-89.35597,464
118321,31.32328,-89.35597,465
118321,31.32341,-89.35598,466
118321,31.32343,-89.35598,467
118321,31.32343,-89.35592,468
118321,31.32344,-89.35585,469
118321,31.32344,-89.35579,470
118321,31.32345,-89.35562,471
118321,31.32359,-89.35563,472
118321,31.32357,-89.35587,473
118321,31.32344,-89.35585,474
118321,31.32343,-89.35592,475
118321,31.32343,-89.35598,476
118321,31.32343,-89.35605,477
118321,31.32343,-89.35611,478
118321,31.32343,-89.35614,479
118321,31.32344,-89.35621,480
118321,31.32348,-89.35632,481
118321,31.32345,-89.35632,482
118321,31.32348,-89.35632,483
118321,31.32374,-89.35631,484
118321,31.32385,-89.35632,485
118321,31.32394,-89.35631,486
118321,31.32405,-89.35631,487
118321,31.32436,-89.35631,488
118321,31.32446,-89.35572,489
118321,31.32449,-89.35556,490
118321,31.32452,-89.35538,491
118321,31.32459,-89.35502,492
118321,31.32464,-89.35479,493
118321,31.3247,-89.35452,494
118321,31.32477,-89.35416,495
118321,31.32481,-89.35389,496
118321,31.32483,-89.35368,497
118321,31.32485,-89.35349,498
118321,31.32487,-89.35328,499
118321,31.32489,-89.35292,500
118321,31.32493,-89.35226,501
118321,31.32496,-89.35161,502
118321,31.32498,-89.35093,503
118321,31.32498,-89.35063,504
118321,31.32498,-89.35012,505
118321,31.32498,-89.34983,506
118321,31.32497,-89.34943,507
118321,31.32496,-89.34888,508
118321,31.32494,-89.34789,509
118321,31.32492,-89.3473,510
118321,31.3249,-89.34676,511
118321,31.3249,-89.34637,512
118321,31.32489,-89.34606,513
118321,31.32489,-89.3455,514
118321,31.32487,-89.34436,515
118321,31.32471,-89.34437,516
118321,31.32466,-89.34437,517
118321,31.32439,-89.34438,518
118321,31.32414,-89.34439,519
118321,31.32414,-89.34433,520
118321,31.32414,-89.34413,521
118321,31.32413,-89.34394,522
118321,31.32414,-89.34375,523
118321,31.32465,-89.34375,524
118321,31.32483,-89.34374,525
118321,31.32485,-89.34374,526
118321,31.32485,-89.34351,527
118321,31.32485,-89.3432,528
118321,31.32484,-89.34292,529
118321,31.32484,-89.34271,530
118321,31.32484,-89.34245,531
118321,31.32483,-89.342,532
118321,31.32479,-89.34025,533
118321,31.32479,-89.34013,534
118321,31.32479,-89.33952,535
118321,31.32478,-89.33893,536
118321,31.32478,-89.33879,537
118321,31.32477,-89.33837,538
118321,31.32476,-89.33798,539
118321,31.32476,-89.33781,540
118321,31.32476,-89.3375,541
118321,31.32475,-89.33719,542
118321,31.32474,-89.3366,543
118321,31.32474,-89.33657,544
118321,31.32474,-89.33624,545
118321,31.32473,-89.33599,546
118321,31.32472,-89.33543,547
118321,31.32473,-89.33486,548
118321,31.32473,-89.33449,549
118321,31.32473,-89.33428,550
118321,31.32471,-89.33296,551
118321,31.3247,-89.33282,552
118321,31.32456,-89.3328,553
118321,31.32453,-89.33279,554
118321,31.32451,-89.33279,555
118321,31.32447,-89.33277,556
118321,31.32441,-89.33273,557
118321,31.3243,-89.33265,558
118321,31.32424,-89.3326,559
118321,31.32418,-89.33257,560
118321,31.32406,-89.33251,561
118321,31.32382,-89.33251,562
118321,31.32346,-89.33251,563
118321,31.32218,-89.33249,564
118321,31.32108,-89.33249,565
118321,31.32105,-89.33132,566
118321,31.32144,-89.33131,567
118321,31.32213,-89.33131,568
118321,31.32281,-89.3313,569
118321,31.32339,-89.3313,570
118321,31.32415,-89.3313,571
118321,31.32465,-89.33131,572
118321,31.32468,-89.33131,573
118321,31.32468,-89.331,574
118321,31.32468,-89.33046,575
118321,31.32468,-89.33009,576
118321,31.32463,-89.33009,577
118321,31.32468,-89.33009,578
118321,31.32467,-89.32991,579
118321,31.32468,-89.32963,580
118321,31.32467,-89.32934,581
118321,31.32468,-89.32923,582
118321,31.32467,-89.32907,583
118321,31.32466,-89.32894,584
118321,31.32465,-89.3287,585
118321,31.32465,-89.32861,586
118321,31.32464,-89.32844,587
118321,31.32464,-89.32837,588
118321,31.32465,-89.32832,589
118321,31.32466,-89.32827,590
118321,31.32468,-89.32822,591
118321,31.3247,-89.32798,592
118321,31.32472,-89.32773,593
118321,31.32473,-89.3272,594
118321,31.32473,-89.32693,595
118321,31.32473,-89.32633,596
118321,31.32473,-89.32517,597
118321,31.32473,-89.32398,598
118321,31.32473,-89.32279,599
118321,31.32473,-89.32266,600
118321,31.32471,-89.32161,601
118321,31.32471,-89.32113,602
118321,31.32471,-89.32067,603
118321,31.32472,-89.32042,604
118321,31.32472,-89.31972,605
118321,31.32472,-89.31926,606
118321,31.32472,-89.31853,607
118321,31.32473,-89.31783,608
118321,31.32473,-89.31776,609
118321,31.32472,-89.31545,610
118321,31.32472,-89.3143,611
118321,31.32472,-89.31425,612
118321,31.32472,-89.31321,613
118321,31.32472,-89.31309,614
118321,31.32472,-89.31211,615
118321,31.32472,-89.31194,616
118321,31.32473,-89.31085,617
118321,31.32473,-89.31076,618
118321,31.32474,-89.31001,619
118321,31.32474,-89.30975,620
118321,31.32474,-89.30936,621
118321,31.32474,-89.30887,622
118321,31.32474,-89.30818,623
118321,31.32474,-89.30726,624
118321,31.32474,-89.30698,625
118321,31.32475,-89.30613,626
118321,31.32475,-89.3057,627
118321,31.32474,-89.30451,628
118321,31.32475,-89.30404,629
118321,31.32475,-89.30389,630
118321,31.32475,-89.30356,631
118321,31.32475,-89.30251,632
118321,31.32475,-89.30142,633
118321,31.32476,-89.29973,634
118321,31.32476,-89.29967,635
118321,31.32476,-89.29933,636
118321,31.32476,-89.299,637
118321,31.32476,-89.29749,638
118321,31.32478,-89.29712,639
118321,31.32477,-89.29655,640
118321,31.32476,-89.29519,641
118321,31.32477,-89.29462,642
118321,31.32477,-89.29437,643
118321,31.32479,-89.29389,644
118321,31.32479,-89.29363,645
118321,31.32479,-89.29341,646
118321,31.32478,-89.29316,647
118321,31.32475,-89.29283,648
118321,31.32474,-89.2926,649
118321,31.32473,-89.29239,650
118321,31.32473,-89.29202,651
118321,31.32473,-89.29187,652
118321,31.32473,-89.29182,653
118321,31.32474,-89.29175,654
118321,31.32474,-89.29166,655
118321,31.32475,-89.29163,656
118321,31.3248,-89.29154,657
118321,31.32485,-89.29147,658
118321,31.32488,-89.29143,659
118321,31.32491,-89.2914,660
118321,31.325,-89.29132,661
118321,31.32522,-89.29104,662
118321,31.32565,-89.29056,663
118321,31.32572,-89.29047,664
118321,31.32633,-89.28979,665
118321,31.32645,-89.28965,666
118321,31.32601,-89.28916,667
118321,31.32585,-89.28897,668
118321,31.32582,-89.28892,669
118321,31.32574,-89.28884,670
118321,31.32568,-89.28876,671
118321,31.32557,-89.28862,672
118321,31.32523,-89.2882,673
118321,31.32474,-89.28761,674
118321,31.32515,-89.28715,675
118321,31.32575,-89.28647,676
118321,31.32606,-89.28618,677
118321,31.3262,-89.28599,678
118321,31.32638,-89.28575,679
118321,31.327,-89.28504,680
118321,31.32749,-89.28561,681
118321,31.32775,-89.28531,682
118321,31.32781,-89.28542,683
118321,31.32782,-89.28545,684
118321,31.32783,-89.28548,685
118321,31.32783,-89.28552,686
118321,31.32783,-89.28555,687
118321,31.32782,-89.28558,688
118321,31.3278,-89.28561,689
118321,31.32774,-89.28568,690
118352,31.30939,-89.31938,0
118352,31.3094,-89.31943,1
118352,31.30942,-89.31954,2
118352,31.30942,-89.31984,3
118352,31.30942,-89.32057,4
118352,31.30942,-89.32135,5
118352,31.30942,-89.32143,6
118352,31.30945,-89.3215,7
118352,31.3095,-89.32156,8
118352,31.30957,-89.32161,9
118352,31.30965,-89.32164,10
118352,31.31003,-89.32167,11
118352,31.31008,-89.32168,12
118352,31.31056,-89.32166,13
118352,31.31065,-89.32165,14
118352,31.31079,-89.32158,15
118352,31.31086,-89.32149,16
118352,31.3109,-89.32138,17
118352,31.31094,-89.32126,18
118352,31.31097,-89.32117,19
118352,31.31105,-89.32095,20
118352,31.31121,-89.32071,21
118352,31.31128,-89.32059,22
118352,31.31134,-89.32065,23
118352,31.31164,-89.32097,24
118352,31.31202,-89.32135,25
118352,31.31223,-89.32157,26
118352,31.31254,-89.3219,27
118352,31.31295,-89.32233,28
118352,31.3133,-89.32268,29
118352,31.31417,-89.3236,30
118352,31.31445,-89.32389,31
118352,31.31512,-89.3246,32
118352,31.3154,-89.32488,33
118352,31.31589,-89.32539,34
118352,31.31669,-89.32623,35
118352,31.3172,-89.32675,36
118352,31.31743,-89.32698,37
118352,31.31757,-89.3271,38
118352,31.31769,-89.3272,39
118352,31.31782,-89.32732,40
118352,31.31824,-89.32763,41
118352,31.31862,-89.32789,42
118352,31.31927,-89.32822,43
118352,31.31972,-89.32842,44
118352,31.32003,-89.32853,45
118352,31.32034,-89.32863,46
118352,31.3205,-89.32868,47
118352,31.32065,-89.32872,48
118352,31.32087,-89.32877,49
118352,31.32108,-89.32881,50
118352,31.3213,-89.32884,51
118352,31.32151,-89.32887,52
118352,31.32173,-89.32889,53
118352,31.32201,-89.32891,54
118352,31.32283,-89.32892,55
118352,31.32349,-89.32893,56
118352,31.32439,-89.32895,57
118352,31.32466,-89.32894,58
118352,31.32474,-89.32892,59
118352,31.32501,-89.32893,60
118352,31.32539,-89.32891,61
118352,31.32577,-89.32892,62
118352,31.32593,-89.32893,63
118352,31.32621,-89.32897,64
118352,31.32661,-89.32897,65
118352,31.32659,-89.32876,66
118352,31.32827,-89.32874,67
118352,31.3284,-89.32874,68
118352,31.33012,-89.32874,69
118352,31.33012,-89.32895,70
118352,31.33148,-89.32895,71
118352,31.33178,-89.32895,72
118352,31.33228,-89.32896,73
118352,31.33252,-89.32896,74
118352,31.3327,-89.32896,75
118352,31.33451,-89.329,76
118352,31.33451,-89.32879,77
118352,31.33566,-89.32879,78
118352,31.33569,-89.32896,79
118352,31.33569,-89.32909,80
118352,31.33569,-89.32934,81
118352,31.33569,-89.32966,82
118352,31.33553,-89.32965,83
118352,31.33552,-89.32992,84
118352,31.33552,-89.33003,85
118352,31.33569,-89.33003,86
118352,31.33569,-89.33002,87
118352,31.33569,-89.32966,88
118352,31.33569,-89.32934,89
118352,31.33554,-89.32935,90
118352,31.33535,-89.32935,91
118352,31.335,-89.32933,92
118352,31.33436,-89.3293,93
118352,31.33418,-89.3293,94
118352,31.334,-89.32932,95
118352,31.33378,-89.32932,96
118352,31.33361,-89.32933,97
118352,31.33352,-89.32934,98
118352,31.33312,-89.32937,99
118352,31.33302,-89.32937,100
118352,31.33282,-89.32938,101
118352,31.33275,-89.32937,102
118352,31.3327,-89.32935,103
118352,31.33257,-89.32931,104
118352,31.33243,-89.3293,105
118352,31.33197,-89.3293,106
118352,31.33197,-89.32966,107
118352,31.33198,-89.33009,108
118352,31.33198,-89.33047,109
118352,31.33198,-89.33054,110
118352,31.33198,-89.33084,111
118352,31.33198,-89.33259,112
118352,31.33198,-89.33365,113
118352,31.33198,-89.33378,114
118352,31.33197,-89.33407,115
118352,31.33198,-89.33446,116
118352,31.33198,-89.33471,117
118352,31.33202,-89.3349,118
118352,31.33204,-89.33555,119
118352,31.33212,-89.33665,120
118352,31.33214,-89.33712,121
118352,31.33217,-89.33768,122
118352,31.33221,-89.33786,123
118352,31.33224,-89.33803,124
118352,31.33226,-89.33837,125
118352,31.33229,-89.33887,126
118352,31.3323,-89.33906,127
118352,31.33233,-89.33939,128
118352,31.3324,-89.33938,129
118352,31.33233,-89.33939,130
118352,31.3324,-89.34024,131
118352,31.33241,-89.34029,132
118352,31.33243,-89.34046,133
118352,31.33246,-89.34063,134
118352,31.33249,-89.34071,135
118352,31.33251,-89.34081,136
118352,31.33257,-89.34099,137
118352,31.33274,-89.34139,138
118352,31.333,-89.34193,139
118352,31.33332,-89.34242,140
118352,31.33379,-89.34304,141
118352,31.33396,-89.34324,142
118352,31.33452,-89.34398,143
118352,31.33464,-89.34411,144
118352,31.33468,-89.34416,145
118352,31.33475,-89.34424,146
118352,31.33485,-89.34436,147
118352,31.33503,-89.34461,148
118352,31.33508,-89.3447,149
118352,31.33514,-89.34479,150
118352,31.33521,-89.34497,151
118352,31.33572,-89.34619,152
118352,31.33577,-89.34634,153
118352,31.3358,-89.34646,154
118352,31.33582,-89.34662,155
118352,31.33586,-89.34765,156
118352,31.33588,-89.34916,157
118352,31.33552,-89.34913,158
118352,31.33505,-89.3491,159
118352,31.33495,-89.34911,160
118352,31.33488,-89.34912,161
118352,31.33481,-89.34914,162
118352,31.33475,-89.34917,163
118352,31.33469,-89.34921,164
118352,31.33458,-89.34929,165
118352,31.33418,-89.34963,166
118352,31.33404,-89.34968,167
118352,31.33398,-89.3497,168
118352,31.3339,-89.34972,169
118352,31.33381,-89.34972,170
118352,31.33326,-89.34973,171
118352,31.33245,-89.34972,172
118352,31.33231,-89.34975,173
118352,31.33221,-89.3498,174
118352,31.33214,-89.34988,175
118352,31.33207,-89.35004,176
118352,31.33207,-89.35019,177
118352,31.33206,-89.35037,178
118352,31.33206,-89.35083,179
118352,31.33205,-89.3514,180
118352,31.33204,-89.35146,181
118352,31.33202,-89.35152,182
118352,31.332,-89.35155,183
118352,31.33198,-89.35159,184
118352,31.33195,-89.35161,185
118352,31.33192,-89.35163,186
118352,31.33187,-89.35164,187
118352,31.33183,-89.35164,188
118352,31.3305,-89.35165,189
118352,31.33048,-89.35084,190
118352,31.33047,-89.35058,191
118352,31.33045,-89.35053,192
118352,31.33042,-89.3505,193
118352,31.33039,-89.35048,194
118352,31.33034,-89.35047,195
118352,31.32996,-89.35048,196
118352,31.32989,-89.35047,197
118352,31.32984,-89.35046,198
118352,31.32979,-89.35044,199
118352,31.32974,-89.35042,200
118352,31.32959,-89.35028,201
118352,31.32943,-89.3501,202
118352,31.32939,-89.35004,203
118352,31.32936,-89.34999,204
118352,31.32933,-89.34992,205
118352,31.32932,-89.34979,206
118352,31.32928,-89.34857,207
118352,31.32922,-89.34854,208
118352,31.3292,-89.34853,209
118352,31.32873,-89.34854,210
118352,31.3286,-89.34854,211
118352,31.3285,-89.34853,212
118352,31.32851,-89.34787,213
118352,31.32852,-89.34767,214
118352,31.32853,-89.34749,215
118352,31.32853,-89.34735,216
118352,31.32854,-89.34726,217
118352,31.32855,-89.34723,218
118352,31.32855,-89.34672,219
118352,31.32852,-89.34552,220
118352,31.328,-89.34552,221
118352,31.32741,-89.34553,222
118352,31.32682,-89.34552,223
118352,31.32682,-89.34562,224
118352,31.32682,-89.34552,225
118352,31.32562,-89.34551,226
118352,31.32542,-89.3455,227
118352,31.32516,-89.3455,228
118352,31.32508,-89.3455,229
118352,31.32499,-89.3455,230
118352,31.32489,-89.3455,231
118352,31.32487,-89.34436,232
118352,31.32485,-89.34374,233
118352,31.32485,-89.34351,234
118352,31.32485,-89.3432,235
118352,31.32484,-89.34292,236
118352,31.32484,-89.34271,237
118352,31.32484,-89.34245,238
118352,31.32483,-89.342,239
118352,31.32479,-89.34021,240
118352,31.32479,-89.34013,241
118352,31.32479,-89.33952,242
118352,31.32478,-89.33893,243
118352,31.32477,-89.33837,244
118352,31.32476,-89.33798,245
118352,31.32476,-89.33781,246
118352,31.32476,-89.3375,247
118352,31.32475,-89.33719,248
118352,31.32474,-89.3366,249
118352,31.32474,-89.33624,250
118352,31.32473,-89.33599,251
118352,31.32473,-89.33578,252
118352,31.32472,-89.33543,253
118352,31.32473,-89.33486,254
118352,31.32473,-89.33449,255
118352,31.32473,-89.33428,256
118352,31.32471,-89.33296,257
118352,31.3247,-89.33282,258
118352,31.32456,-89.3328,259
118352,31.32453,-89.33279,260
118352,31.32451,-89.33279,261
118352,31.32447,-89.33277,262
118352,31.32441,-89.33273,263
118352,31.3243,-89.33265,264
118352,31.32424,-89.3326,265
118352,31.3242,-89.33258,266
118352,31.32418,-89.33257,267
118352,31.32406,-89.33251,268
118352,31.32346,-89.33251,269
118352,31.32218,-89.33249,270
118352,31.32108,-89.33249,271
118352,31.32105,-89.33132,272
118352,31.32103,-89.33084,273
118352,31.32101,-89.33068,274
118352,31.32096,-89.33054,275
118352,31.3209,-89.33036,276
118352,31.32079,-89.33026,277
118352,31.32075,-89.33024,278
118352,31.32073,-89.33022,279
118352,31.32067,-89.33019,280
118352,31.32063,-89.33017,281
118352,31.32058,-89.33015,282
118352,31.32055,-89.33014,283
118352,31.3205,-89.33013,284
118352,31.32045,-89.33013,285
118352,31.32043,-89.33013,286
118352,31.3204,-89.33012,287
118352,31.3203,-89.33012,288
118352,31.32017,-89.33012,289
118352,31.32005,-89.33012,290
118352,31.31996,-89.33012,291
118352,31.31986,-89.33012,292
118352,31.3198,-89.33011,293
118352,31.31974,-89.3301,294
118352,31.3197,-89.33008,295
118352,31.31967,-89.33007,296
118352,31.31964,-89.33006,297
118352,31.31957,-89.33001,298
118352,31.31953,-89.32998,299
118352,31.31949,-89.32994,300
118352,31.31945,-89.3299,301
118352,31.31942,-89.32985,302
118352,31.31941,-89.32984,303
118352,31.31939,-89.32979,304
118352,31.31935,-89.32969,305
118352,31.3193,-89.32957,306
118352,31.31928,-89.32945,307
118352,31.31927,-89.32936,308
118352,31.31926,-89.32925,309
118352,31.31927,-89.32912,310
118352,31.31927,-89.32891,311
118352,31.31927,-89.32856,312
118352,31.31927,-89.32835,313
118352,31.31877,-89.32808,314
118352,31.31848,-89.3279,315
118352,31.31828,-89.32777,316
118352,31.31809,-89.32763,317
118352,31.31781,-89.32743,318
118352,31.31763,-89.32729,319
118352,31.31745,-89.32714,320
118352,31.31728,-89.32698,321
118352,31.31704,-89.32673,322
118352,31.31671,-89.3264,323
118352,31.3163,-89.32598,324
118352,31.31571,-89.32536,325
118352,31.31549,-89.32514,326
118352,31.31506,-89.32469,327
118352,31.3149,-89.32454,328
118352,31.31404,-89.32362,329
118352,31.31315,-89.3227,330
118352,31.31272,-89.32227,331
118352,31.31229,-89.32182,332
118352,31.31182,-89.32134,333
118352,31.31163,-89.32115,334
118352,31.3115,-89.32101,335
118352,31.31127,-89.32076,336
118352,31.31113,-89.321,337
118352,31.31107,-89.32109,338
118352,31.31102,-89.32116,339
118352,31.31097,-89.32117,340
118352,31.31094,-89.32126,341
118352,31.3109,-89.32138,342
118352,31.31086,-89.32149,343
118352,31.31079,-89.32158,344
118352,31.31065,-89.32165,345
118352,31.31056,-89.32166,346
118352,31.31008,-89.32168,347
118352,31.30965,-89.32164,348
118352,31.30957,-89.32161,349
118352,31.3095,-89.32156,350
118352,31.30945,-89.3215,351
118352,31.30942,-89.32143,352
118352,31.30942,-89.32135,353
118352,31.30942,-89.32057,354
118352,31.30942,-89.31984,355
118352,31.30942,-89.31954,356
118352,31.3094,-89.31943,357
118352,31.30939,-89.31938,358
118352,31.3094,-89.31943,359
118352,31.30942,-89.31954,360
118352,31.30942,-89.31984,361
118352,31.30942,-89.32057,362
118352,31.30942,-89.32135,363
118352,31.30942,-89.32143,364
118352,31.30945,-89.3215,365
118352,31.3095,-89.32156,366
118352,31.30957,-89.32161,367
118352,31.30965,-89.32164,368
118352,31.31008,-89.32168,369
118352,31.31056,-89.32166,370
118352,31.31065,-89.32165,371
118352,31.31079,-89.32158,372
118352,31.31086,-89.32149,373
118352,31.3109,-89.32138,374
118352,31.31094,-89.32126,375
118352,31.31097,-89.32117,376
118352,31.31105,-89.32095,377
118352,31.31121,-89.32071,378
118352,31.31128,-89.32059,379
118352,31.31134,-89.32065,380
118352,31.31164,-89.32097,381
118352,31.31202,-89.32135,382
118352,31.31223,-89.32157,383
118352,31.31254,-89.3219,384
118352,31.31283,-89.32219,385
118352,31.31295,-89.32233,386
118352,31.3133,-89.32268,387
118352,31.31417,-89.3236,388
118352,31.31445,-89.32389,389
118352,31.31512,-89.3246,390
118352,31.3154,-89.32488,391
118352,31.31589,-89.32539,392
118352,31.31669,-89.32623,393
118352,31.3172,-89.32675,394
118352,31.31743,-89.32698,395
118352,31.31757,-89.3271,396
118352,31.31769,-89.3272,397
118352,31.31782,-89.32732,398
118352,31.31824,-89.32763,399
118352,31.31862,-89.32789,400
118352,31.31927,-89.32822,401
118352,31.31972,-89.32842,402
118352,31.32003,-89.32853,403
118352,31.32034,-89.32863,404
118352,31.3205,-89.32868,405
118352,31.32058,-89.3287,406
118352,31.32065,-89.32872,407
118352,31.32087,-89.32877,408
118352,31.32108,-89.32881,409
118352,31.3213,-89.32884,410
118352,31.32151,-89.32887,411
118352,31.32173,-89.32889,412
118352,31.32201,-89.32891,413
118352,31.32283,-89.32892,414
118352,31.32349,-89.32893,415
118352,31.32439,-89.32895,416
118352,31.32466,-89.32894,417
118352,31.32474,-89.32892,418
118352,31.32501,-89.32893,419
118352,31.32539,-89.32891,420
118352,31.32577,-89.32892,421
118352,31.32593,-89.32893,422
118352,31.32621,-89.32897,423
118352,31.32661,-89.32897,424
118352,31.32733,-89.32897,425
118352,31.32839,-89.32898,426
118352,31.32876,-89.32898,427
118352,31.32926,-89.32898,428
118352,31.32961,-89.32898,429
118352,31.33012,-89.32895,430
118352,31.33148,-89.32895,431
118352,31.33178,-89.32895,432
118352,31.33228,-89.32896,433
118352,31.33252,-89.32896,434
118352,31.3327,-89.32896,435
118352,31.33451,-89.329,436
118352,31.33451,-89.32879,437
118352,31.33523,-89.32879,438
118352,31.33566,-89.32879,439
118352,31.33569,-89.32896,440
118352,31.33569,-89.32909,441
118352,31.33569,-89.32934,442
118352,31.33569,-89.32966,443
118352,31.33553,-89.32965,444
118352,31.33552,-89.32994,445
121330,31.33552,-89.32992,0
121330,31.33552,-89.33003,1
121330,31.33569,-89.33003,2
121330,31.33569,-89.33002,3
121330,31.33569,-89.32966,4
121330,31.33569,-89.32934,5
121330,31.33554,-89.32935,6
121330,31.33535,-89.32935,7
121330,31.3351,-89.32934,8
121330,31.335,-89.32933,9
121330,31.33436,-89.3293,10
121330,31.33418,-89.3293,11
121330,31.334,-89.32932,12
121330,31.33378,-89.32932,13
121330,31.33376,-89.32943,14
121330,31.33376,-89.32944,15
121330,31.33376,-89.32943,16
121330,31.33378,-89.32932,17
121330,31.33361,-89.32933,18
121330,31.33352,-89.32934,19
121330,31.33312,-89.32937,20
121330,31.33302,-89.32937,21
121330,31.33282,-89.32938,22
121330,31.33275,-89.32937,23
121330,31.3327,-89.32935,24
121330,31.33257,-89.32931,25
121330,31.33243,-89.3293,26
121330,31.33199,-89.3293,27
121330,31.33197,-89.3293,28
121330,31.33197,-89.32966,29
121330,31.33198,-89.33009,30
121330,31.33198,-89.33047,31
121330,31.33144,-89.33047,32
121330,31.33113,-89.33048,33
121330,31.33071,-89.33049,34
121330,31.33059,-89.33049,35
121330,31.33041,-89.3305,36
121330,31.33022,-89.33051,37
121330,31.3298,-89.33051,38
121330,31.32837,-89.33051,39
121330,31.32808,-89.3305,40
121330,31.32801,-89.3305,41
121330,31.3275,-89.33052,42
121330,31.32726,-89.33052,43
121330,31.32718,-89.33052,44
121330,31.3271,-89.33051,45
121330,31.32694,-89.33051,46
121330,31.32687,-89.33051,47
121330,31.32674,-89.33051,48
121330,31.32667,-89.3305,49
121330,31.32632,-89.33045,50
121330,31.32628,-89.33044,51
121330,31.32601,-89.3304,52
121330,31.32589,-89.33039,53
121330,31.32584,-89.33039,54
121330,31.32576,-89.33044,55
121330,31.32572,-89.33047,56
121330,31.32569,-89.3305,57
121330,31.32566,-89.33057,58
121330,31.32563,-89.33067,59
121330,31.32565,-89.33074,60
121330,31.3257,-89.33091,61
121330,31.32576,-89.33111,62
121330,31.32581,-89.33136,63
121330,31.32581,-89.3314,64
121330,31.32582,-89.33169,65
121330,31.32581,-89.33222,66
121330,31.32581,-89.33233,67
121330,31.32581,-89.33262,68
121330,31.3258,-89.33277,69
121330,31.3258,-89.33306,70
121330,31.3257,-89.33307,71
121330,31.32566,-89.33305,72
121330,31.32561,-89.33303,73
121330,31.32536,-89.33286,74
121330,31.32533,-89.33284,75
121330,31.32528,-89.33283,76
121330,31.32512,-89.33283,77
121330,31.32503,-89.33283,78
121330,31.32497,-89.33283,79
121330,31.32482,-89.33283,80
121330,31.32484,-89.33409,81
121330,31.32484,-89.33473,82
121330,31.32483,-89.33536,83
121330,31.32483,-89.33548,84
121330,31.32484,-89.33577,85
121330,31.32484,-89.33599,86
121330,31.32508,-89.33598,87
121330,31.32514,-89.33598,88
121330,31.3252,-89.33598,89
121330,31.32598,-89.33599,90
121330,31.32658,-89.33599,91
121330,31.32666,-89.33599,92
121330,31.32667,-89.33654,93
121330,31.32668,-89.33671,94
121330,31.32668,-89.33709,95
121330,31.32668,-89.33717,96
121330,31.32668,-89.33721,97
121330,31.3267,-89.33793,98
121330,31.32671,-89.33838,99
121330,31.32672,-89.3394,100
121330,31.32672,-89.33953,101
121330,31.32672,-89.33966,102
121330,31.32674,-89.34082,103
121330,31.32675,-89.34142,104
121330,31.32676,-89.34201,105
121330,31.32841,-89.34201,106
121330,31.32847,-89.34201,107
121330,31.32845,-89.34082,108
121330,31.32845,-89.34064,109
121330,31.32845,-89.33966,110
121330,31.32845,-89.33961,111
121330,31.32845,-89.33953,112
121330,31.32843,-89.33835,113
121330,31.32847,-89.33837,114
121330,31.32843,-89.33835,115
121330,31.32843,-89.3379,116
121330,31.32842,-89.33746,117
121330,31.32842,-89.33721,118
121330,31.3284,-89.33666,119
121330,31.3284,-89.33655,120
121330,31.32839,-89.336,121
121330,31.32839,-89.33556,122
121330,31.32839,-89.3354,123
121330,31.32839,-89.33475,124
121330,31.32878,-89.33475,125
121330,31.32943,-89.33474,126
121330,31.3295,-89.33472,127
121330,31.32995,-89.33471,128
121330,31.33014,-89.33471,129
121330,31.33034,-89.33471,130
121330,31.33047,-89.33471,131
121330,31.33064,-89.33471,132
121330,31.33132,-89.33471,133
121330,31.33141,-89.33471,134
121330,31.33166,-89.3347,135
121330,31.33187,-89.3347,136
121330,31.33193,-89.33471,137
121330,31.33198,-89.33471,138
121330,31.33198,-89.33446,139
121330,31.33197,-89.33407,140
121330,31.33198,-89.33378,141
121330,31.33198,-89.33365,142
121330,31.33198,-89.33259,143
121330,31.33198,-89.33095,144
121330,31.33198,-89.33084,145
121330,31.33198,-89.33047,146
121330,31.33198,-89.33009,147
121330,31.33197,-89.32966,148
121330,31.33197,-89.3293,149
121330,31.33243,-89.3293,150
121330,31.33257,-89.32931,151
121330,31.3327,-89.32935,152
121330,31.33275,-89.32937,153
121330,31.33282,-89.32938,154
121330,31.33302,-89.32937,155
121330,31.33312,-89.32937,156
121330,31.33352,-89.32934,157
121330,31.33361,-89.32933,158
121330,31.33378,-89.32932,159
121330,31.334,-89.32932,160
121330,31.33418,-89.3293,161
121330,31.33436,-89.3293,162
121330,31.335,-89.32933,163
121330,31.33535,-89.32935,164
121330,31.33554,-89.32935,165
121330,31.33569,-89.32934,166
121330,31.33569,-89.32966,167
121330,31.33553,-89.32965,168
121330,31.33552,-89.32991,169
121331,31.32747,-89.28561,0
121331,31.32716,-89.28595,1
121331,31.32708,-89.28601,2
121331,31.327,-89.28608,3
121331,31.32698,-89.2861,4
121331,31.32692,-89.28617,5
121331,31.32687,-89.28623,6
121331,31.32684,-89.28628,7
121331,31.32678,-89.28638,8
121331,31.32672,-89.28649,9
121331,31.32664,-89.2866,10
121331,31.32624,-89.28706,11
121331,31.3262,-89.28711,12
121331,31.32624,-89.28706,13
121331,31.32644,-89.28737,14
121331,31.32651,-89.28747,15
121331,31.32666,-89.28766,16
121331,31.32678,-89.28784,17
121331,31.32695,-89.28811,18
121331,31.32704,-89.28827,19
121331,31.32712,-89.2884,20
121331,31.32718,-89.28849,21
121331,31.32726,-89.28858,22
121331,31.32734,-89.28867,23
121331,31.32758,-89.28895,24
121331,31.3279,-89.28934,25
121331,31.32795,-89.28941,26
121331,31.32815,-89.28919,27
121331,31.32834,-89.28897,28
121331,31.32843,-89.28887,29
121331,31.32849,-89.2888,30
121331,31.32852,-89.28876,31
121331,31.32855,-89.28872,32
121331,31.32857,-89.28867,33
121331,31.32859,-89.28863,34
121331,31.32863,-89.28855,35
121331,31.32867,-89.28844,36
121331,31.32871,-89.28837,37
121331,31.32874,-89.28831,38
121331,31.32879,-89.28823,39
121331,31.32887,-89.28813,40
121331,31.32931,-89.28763,41
121331,31.32961,-89.28727,42
121331,31.32989,-89.28694,43
121331,31.32993,-89.28691,44
121331,31.3302,-89.28724,45
121331,31.33046,-89.28755,46
121331,31.33049,-89.28758,47
121331,31.3302,-89.28793,48
121331,31.33016,-89.28797,49
121331,31.33011,-89.28802,50
121331,31.33004,-89.2881,51
121331,31.32998,-89.2882,52
121331,31.32996,-89.28826,53
121331,31.32994,-89.28832,54
121331,31.32994,-89.28862,55
121331,31.32994,-89.28902,56
121331,31.32992,-89.28985,57
121331,31.32991,-89.28992,58
121331,31.32989,-89.29001,59
121331,31.32989,-89.29004,60
121331,31.32993,-89.29004,61
121331,31.33022,-89.29003,62
121331,31.33058,-89.29003,63
121331,31.33076,-89.29003,64
121331,31.33122,-89.29003,65
121331,31.3321,-89.29002,66
121331,31.33228,-89.29002,67
121331,31.33264,-89.29002,68
121331,31.33329,-89.29004,69
121331,31.33451,-89.28999,70
121331,31.3357,-89.28998,71
121331,31.33569,-89.28921,72
121331,31.33568,-89.28852,73
121331,31.33569,-89.28793,74
121331,31.33568,-89.28726,75
121331,31.3357,-89.2863,76
121331,31.33571,-89.28581,77
121331,31.33569,-89.28435,78
121331,31.33624,-89.28434,79
121331,31.33656,-89.28432,80
121331,31.33715,-89.28433,81
121331,31.33774,-89.28436,82
121331,31.33801,-89.28435,83
121331,31.33835,-89.28435,84
121331,31.33837,-89.2858,85
121331,31.33839,-89.28727,86
121331,31.33833,-89.288,87
121331,31.3383,-89.28822,88
121331,31.33824,-89.28873,89
121331,31.3382,-89.28917,90
121331,31.33819,-89.28999,91
121331,31.33818,-89.29078,92
121331,31.33815,-89.29166,93
121331,31.33819,-89.29244,94
121331,31.33819,-89.29286,95
121331,31.33818,-89.29367,96
121331,31.33819,-89.29434,97
121331,31.33819,-89.29438,98
121331,31.33939,-89.29438,99
121331,31.34009,-89.29442,100
121331,31.34036,-89.29442,101
121331,31.34066,-89.29441,102
121331,31.34118,-89.29442,103
121331,31.34213,-89.29442,104
121331,31.34239,-89.29442,105
121331,31.34284,-89.29442,106
121331,31.343,-89.2944,107
121331,31.34302,-89.29441,108
121331,31.34319,-89.29506,109
121331,31.34332,-89.29552,110
121331,31.34339,-89.29581,111
121331,31.34346,-89.29614,112
121331,31.3435,-89.29642,113
121331,31.34353,-89.2967,114
121331,31.34354,-89.29692,115
121331,31.34354,-89.29715,116
121331,31.34352,-89.29797,117
121331,31.34346,-89.29849,118
121331,31.34341,-89.29882,119
121331,31.34332,-89.29918,120
121331,31.34315,-89.29973,121
121331,31.34302,-89.30008,122
121331,31.34287,-89.30035,123
121331,31.3423,-89.30135,124
121331,31.34158,-89.30265,125
121331,31.34155,-89.30275,126
121331,31.34154,-89.30279,127
121331,31.34153,-89.30285,128
121331,31.34153,-89.30296,129
121331,31.34153,-89.30311,130
121331,31.34153,-89.30326,131
121331,31.34155,-89.30346,132
121331,31.34157,-89.30361,133
121331,31.3416,-89.30388,134
121331,31.34162,-89.30399,135
121331,31.34163,-89.30406,136
121331,31.34167,-89.30431,137
121331,31.34184,-89.30532,138
121331,31.34192,-89.30568,139
121331,31.342,-89.30601,140
121331,31.34208,-89.3063,141
121331,31.34221,-89.30669,142
121331,31.34227,-89.30688,143
121331,31.34234,-89.30704,144
121331,31.34243,-89.30726,145
121331,31.34254,-89.30746,146
121331,31.34288,-89.30809,147
121331,31.34315,-89.30854,148
121331,31.34403,-89.31005,149
121331,31.34457,-89.31099,150
121331,31.34498,-89.31166,151
121331,31.34522,-89.31208,152
121331,31.3454,-89.3124,153
121331,31.34557,-89.31274,154
121331,31.34566,-89.31292,155
121331,31.34575,-89.3131,156
121331,31.3459,-89.31346,157
121331,31.34602,-89.31377,158
121331,31.34612,-89.31405,159
121331,31.34621,-89.31434,160
121331,31.34628,-89.31458,161
121331,31.34636,-89.31492,162
121331,31.34656,-89.31601,163
121331,31.34657,-89.31609,164
121331,31.34657,-89.31612,165
121331,31.3466,-89.31644,166
121331,31.34662,-89.31675,167
121331,31.34665,-89.31739,168
121331,31.34665,-89.31942,169
121331,31.34665,-89.32006,170
121331,31.34665,-89.32131,171
121331,31.34666,-89.32142,172
121331,31.34666,-89.32196,173
121331,31.34664,-89.32247,174
121331,31.34667,-89.32458,175
121331,31.34668,-89.32666,176
121331,31.34668,-89.32757,177
121331,31.34668,-89.32766,178
121331,31.34674,-89.32894,179
121331,31.34677,-89.32923,180
121331,31.34682,-89.32983,181
121331,31.34694,-89.33081,182
121331,31.347,-89.33092,183
121331,31.34708,-89.33091,184
121331,31.3471,-89.33092,185
121331,31.34713,-89.33094,186
121331,31.34715,-89.33096,187
121331,31.34716,-89.33098,188
121331,31.34718,-89.33105,189
121331,31.34722,-89.33137,190
121331,31.3473,-89.33176,191
121331,31.34731,-89.3318,192
121331,31.34739,-89.33215,193
121331,31.34752,-89.33267,194
121331,31.34766,-89.3332,195
121331,31.34783,-89.33376,196
121331,31.34802,-89.33431,197
121331,31.34817,-89.3347,198
121331,31.34819,-89.33476,199
121331,31.34838,-89.33515,200
121331,31.3484,-89.33525,201
121331,31.34796,-89.33528,202
121331,31.34715,-89.33528,203
121331,31.34665,-89.33526,204
121331,31.34666,-89.33657,205
121331,31.34666,-89.33773,206
121331,31.34664,-89.33947,207
121331,31.34664,-89.34002,208
121331,31.34663,-89.34177,209
121331,31.34664,-89.34219,210
121331,31.34664,-89.34228,211
121331,31.34664,-89.34323,212
121331,31.34665,-89.34555,213
121331,31.34668,-89.34759,214
121331,31.34668,-89.34764,215
121331,31.34669,-89.34862,216
121331,31.34669,-89.3494,217
121331,31.34668,-89.35039,218
121331,31.34668,-89.35065,219
121331,31.34662,-89.35065,220
121331,31.34654,-89.35062,221
121331,31.34651,-89.35058,222
121331,31.34648,-89.35054,223
121331,31.34646,-89.35049,224
121331,31.34645,-89.35048,225
121331,31.34644,-89.35041,226
121331,31.34642,-89.35029,227
121331,31.34637,-89.34982,228
121331,31.34636,-89.34974,229
121331,31.34634,-89.3496,230
121331,31.34631,-89.34946,231
121331,31.34626,-89.34931,232
121331,31.34618,-89.34916,233
121331,31.34613,-89.34907,234
121331,31.34607,-89.34897,235
121331,31.34583,-89.3486,236
121331,31.34558,-89.34823,237
121331,31.34545,-89.34804,238
121331,31.34526,-89.34776,239
121331,31.34511,-89.34757,240
121331,31.345,-89.34747,241
121331,31.34487,-89.34736,242
121331,31.34453,-89.34711,243
121331,31.34438,-89.347,244
121331,31.34426,-89.34691,245
121331,31.34405,-89.34672,246
121331,31.34388,-89.34651,247
121331,31.34375,-89.34633,248
121331,31.34359,-89.34605,249
121331,31.34346,-89.34577,250
121331,31.34339,-89.34567,251
121331,31.34332,-89.34559,252
121331,31.34324,-89.34553,253
121331,31.34322,-89.34552,254
121331,31.34314,-89.34549,255
121331,31.34256,-89.34527,256
121331,31.3419,-89.34505,257
121331,31.34135,-89.34487,258
121331,31.34106,-89.34477,259
121331,31.34069,-89.34461,260
121331,31.34048,-89.34449,261
121331,31.34026,-89.34438,262
121331,31.34006,-89.34425,263
121331,31.33979,-89.34406,264
121331,31.33965,-89.34396,265
121331,31.33958,-89.34391,266
121331,31.3395,-89.34386,267
121331,31.33941,-89.34382,268
121331,31.33934,-89.34379,269
121331,31.33926,-89.34377,270
121331,31.33915,-89.34375,271
121331,31.33903,-89.34375,272
121331,31.33886,-89.34375,273
121331,31.33868,-89.34375,274
121331,31.33848,-89.34376,275
121331,31.3384,-89.34377,276
121331,31.3382,-89.34377,277
121331,31.33795,-89.34379,278
121331,31.33755,-89.34383,279
121331,31.33733,-89.34385,280
121331,31.3359,-89.34384,281
121331,31.33591,-89.34377,282
121331,31.33591,-89.34368,283
121331,31.33592,-89.34359,284
121331,31.33589,-89.3431,285
121331,31.33586,-89.34261,286
121331,31.33584,-89.34162,287
121331,31.33583,-89.34106,288
121331,31.33577,-89.33756,289
121331,31.33574,-89.33577,290
121331,31.33574,-89.33543,291
121331,31.33572,-89.33503,292
121331,31.3357,-89.33432,293
121331,31.33569,-89.33337,294
121331,31.33569,-89.3328,295
121331,31.33568,-89.33218,296
121331,31.3357,-89.33187,297
121331,31.3357,-89.3312,298
121331,31.3357,-89.33089,299
121331,31.33569,-89.33044,300
121331,31.33569,-89.33027,301
121331,31.33569,-89.33019,302
121331,31.33569,-89.33003,303
121331,31.33569,-89.33002,304
121331,31.33569,-89.32966,305
121331,31.33569,-89.32934,306
121331,31.33569,-89.32909,307
121331,31.33569,-89.32896,308
121331,31.33566,-89.32879,309
121331,31.33568,-89.32805,310
121331,31.33568,-89.32799,311
121331,31.33568,-89.32783,312
121331,31.33568,-89.32766,313
121331,31.3357,-89.32643,314
121331,31.33569,-89.3254,315
121331,31.3357,-89.32425,316
121331,31.33569,-89.32392,317
121331,31.3357,-89.32274,318
121331,31.3357,-89.32215,319
121331,31.3357,-89.32113,320
121331,31.3357,-89.32066,321
121331,31.3357,-89.32026,322
121331,31.3357,-89.3195,323
121331,31.3357,-89.31894,324
121331,31.3357,-89.31791,325
121331,31.3357,-89.31575,326
121331,31.3357,-89.31568,327
121331,31.33567,-89.31366,328
121331,31.3357,-89.31275,329
121331,31.33571,-89.31228,330
121331,31.33571,-89.31094,331
121331,31.33576,-89.3099,332
121331,31.33576,-89.30911,333
121331,31.33576,-89.30897,334
121331,31.33577,-89.30843,335
121331,31.33576,-89.30799,336
121331,31.33577,-89.3067,337
121331,31.33577,-89.30602,338
121331,31.33577,-89.3058,339
121331,31.33577,-89.30534,340
121331,31.33576,-89.30516,341
121331,31.33573,-89.30498,342
121331,31.33571,-89.30483,343
121331,31.3357,-89.30468,344
121331,31.33569,-89.30458,345
121331,31.33568,-89.30428,346
121331,31.33568,-89.30275,347
121331,31.33568,-89.30092,348
121331,31.33568,-89.30023,349
121331,31.33568,-89.29958,350
121331,31.33569,-89.29908,351
121331,31.33473,-89.29847,352
121331,31.33447,-89.29831,353
121331,31.3339,-89.29795,354
121331,31.33328,-89.29755,355
121331,31.33271,-89.2971,356
121331,31.3327,-89.29709,357
121331,31.33252,-89.29693,358
121331,31.3321,-89.29655,359
121331,31.33128,-89.29598,360
121331,31.33092,-89.29573,361
121331,31.33044,-89.29539,362
121331,31.33029,-89.29528,363
121331,31.32989,-89.29499,364
121331,31.3297,-89.29484,365
121331,31.32955,-89.29471,366
121331,31.32941,-89.29458,367
121331,31.32914,-89.29429,368
121331,31.32873,-89.29385,369
121331,31.32867,-89.29379,370
121331,31.32863,-89.29372,371
121331,31.3286,-89.29367,372
121331,31.32855,-89.29359,373
121331,31.32849,-89.29341,374
121331,31.32843,-89.29324,375
121331,31.32828,-89.29279,376
121331,31.32815,-89.29243,377
121331,31.3281,-89.2923,378
121331,31.32789,-89.29172,379
121331,31.32778,-89.29148,380
121331,31.32767,-89.29115,381
121331,31.32762,-89.29107,382
121331,31.32758,-89.29101,383
121331,31.32754,-89.29096,384
121331,31.32748,-89.2909,385
121331,31.32741,-89.29082,386
121331,31.32707,-89.2904,387
121331,31.32685,-89.29016,388
121331,31.32665,-89.28989,389
121331,31.32659,-89.28982,390
121331,31.32645,-89.28965,391
121331,31.32601,-89.28916,392
121331,31.32585,-89.28897,393
121331,31.32582,-89.28892,394
121331,31.32574,-89.28884,395
121331,31.32568,-89.28876,396
121331,31.32557,-89.28862,397
121331,31.32523,-89.2882,398
121331,31.32582,-89.28753,399
121331,31.32615,-89.28716,400
121331,31.32624,-89.28706,401
121331,31.32664,-89.2866,402
121331,31.32672,-89.28649,403
121331,31.32678,-89.28638,404
121331,31.32684,-89.28628,405
121331,31.32687,-89.28623,406
121331,31.32692,-89.28617,407
121331,31.327,-89.28608,408
121331,31.32708,-89.28601,409
121331,31.32709,-89.286,410
121331,31.32716,-89.28595,411
121331,31.32749,-89.28561,412
121331,31.32775,-89.28531,413
121331,31.32781,-89.28542,414
121331,31.32782,-89.28545,415
121331,31.32783,-89.28548,416
121331,31.32783,-89.28552,417
121331,31.32783,-89.28555,418
121331,31.32782,-89.28558,419
121331,31.3278,-89.28561,420
121331,31.32771,-89.28571,421
121331,31.32768,-89.28573,422
121331,31.32766,-89.28574,423
121331,31.32764,-89.28574,424
121331,31.32763,-89.28574,425
121331,31.32762,-89.28573,426
121331,31.32757,-89.28571,427
121331,31.32753,-89.28567,428
121331,31.32751,-89.28564,429
121566,31.32781,-89.28559,0
121566,31.3278,-89.28561,1
121566,31.32771,-89.28571,2
121566,31.32768,-89.28573,3
121566,31.32766,-89.28574,4
121566,31.32764,-89.28574,5
121566,31.32763,-89.28574,6
121566,31.32762,-89.28573,7
121566,31.32757,-89.28571,8
121566,31.32753,-89.28567,9
121566,31.32749,-89.28561,10
121566,31.32716,-89.28595,11
121566,31.32708,-89.28601,12
121566,31.327,-89.28608,13
121566,31.32692,-89.28617,14
121566,31.32687,-89.28623,15
121566,31.32686,-89.28625,16
121566,31.32684,-89.28628,17
121566,31.32638,-89.28575,18
121566,31.32626,-89.28562,19
121566,31.326,-89.28532,20
121566,31.32572,-89.28502,21
121566,31.3254,-89.28452,22
121566,31.32529,-89.28441,23
121566,31.32516,-89.28427,24
121566,31.32508,-89.28407,25
121566,31.32505,-89.28306,26
121566,31.32505,-89.28228,27
121566,31.32507,-89.28117,28
121566,31.32507,-89.28005,29
121566,31.32502,-89.28005,30
121566,31.32413,-89.28007,31
121566,31.32319,-89.28007,32
121566,31.32231,-89.28005,33
121566,31.32179,-89.28004,34
121566,31.32121,-89.28003,35
121566,31.32042,-89.28004,36
121566,31.31928,-89.28003,37
121566,31.31911,-89.28003,38
121566,31.31836,-89.28005,39
121566,31.31752,-89.28003,40
121566,31.31575,-89.28003,41
121566,31.31574,-89.28039,42
121566,31.31574,-89.28068,43
121566,31.31572,-89.28206,44
121566,31.31569,-89.28302,45
121566,31.31609,-89.28332,46
121566,31.31614,-89.28346,47
121566,31.31617,-89.28357,48
121566,31.31619,-89.28368,49
121566,31.31619,-89.28375,50
121566,31.31619,-89.28402,51
121566,31.31619,-89.28412,52
121566,31.31619,-89.28414,53
121566,31.31621,-89.28426,54
121566,31.31623,-89.28438,55
121566,31.31627,-89.28449,56
121566,31.31635,-89.28473,57
121566,31.31647,-89.28499,58
121566,31.31644,-89.28503,59
121566,31.31641,-89.28506,60
121566,31.31635,-89.28507,61
121566,31.31584,-89.28508,62
121566,31.31548,-89.28508,63
121566,31.31514,-89.28507,64
121566,31.31382,-89.28507,65
121566,31.31313,-89.28507,66
121566,31.3124,-89.28507,67
121566,31.31201,-89.28506,68
121566,31.31161,-89.28506,69
121566,31.31018,-89.28505,70
121566,31.30991,-89.28505,71
121566,31.30962,-89.28506,72
121566,31.30891,-89.28509,73
121566,31.30759,-89.28508,74
121566,31.30657,-89.28507,75
121566,31.30622,-89.28507,76
121566,31.30621,-89.28632,77
121566,31.3062,-89.28784,78
121566,31.30622,-89.2894,79
121566,31.30622,-89.28947,80
121566,31.3062,-89.29038,81
121566,31.30621,-89.29096,82
121566,31.30621,-89.29172,83
121566,31.30621,-89.29178,84
121566,31.30621,-89.29254,85
121566,31.30621,-89.29256,86
121566,31.3062,-89.29307,87
121566,31.30622,-89.29408,88
121566,31.30678,-89.29409,89
121566,31.30755,-89.29411,90
121566,31.30889,-89.2941,91
121566,31.3102,-89.29414,92
121566,31.3102,-89.29445,93
121566,31.3102,-89.2947,94
121566,31.31054,-89.29469,95
121566,31.3108,-89.29469,96
121566,31.31148,-89.29468,97
121566,31.31218,-89.29469,98
121566,31.31284,-89.29471,99
121566,31.3135,-89.29472,100
121566,31.31353,-89.29472,101
121566,31.31352,-89.29624,102
121566,31.31391,-89.29625,103
121566,31.3143,-89.29626,104
121566,31.3154,-89.29623,105
121566,31.31575,-89.29624,106
121566,31.31577,-89.29477,107
121566,31.31577,-89.29474,108
121566,31.31576,-89.29319,109
121566,31.3175,-89.29319,110
121566,31.31751,-89.29348,111
121566,31.31751,-89.29398,112
121566,31.3175,-89.29467,113
121566,31.3175,-89.2953,114
121566,31.3175,-89.29566,115
121566,31.31752,-89.29624,116
121566,31.31753,-89.29675,117
121566,31.31753,-89.29709,118
121566,31.31751,-89.29722,119
121566,31.31751,-89.29738,120
121566,31.31752,-89.29749,121
121566,31.31754,-89.29758,122
121566,31.31755,-89.29766,123
121566,31.31759,-89.29774,124
121566,31.31761,-89.2978,125
121566,31.31764,-89.29787,126
121566,31.31767,-89.29793,127
121566,31.31771,-89.29798,128
121566,31.31778,-89.29807,129
121566,31.3178,-89.29809,130
121566,31.31807,-89.29841,131
121566,31.31876,-89.29922,132
121566,31.31893,-89.29943,133
121566,31.31872,-89.29967,134
121566,31.31774,-89.30074,135
121566,31.31749,-89.30102,136
121566,31.31725,-89.30133,137
121566,31.31723,-89.30136,138
121566,31.31715,-89.30147,139
121566,31.31709,-89.3016,140
121566,31.31703,-89.30187,141
121566,31.31698,-89.30206,142
121566,31.31674,-89.30309,143
121566,31.31664,-89.30352,144
121566,31.31654,-89.30396,145
121566,31.31647,-89.30427,146
121566,31.31644,-89.30441,147
121566,31.31641,-89.30452,148
121566,31.31638,-89.30468,149
121566,31.31626,-89.30524,150
121566,31.31616,-89.30567,151
121566,31.31606,-89.30603,152
121566,31.31602,-89.30616,153
121566,31.31592,-89.30643,154
121566,31.31584,-89.30661,155
121566,31.31575,-89.3068,156
121566,31.31562,-89.30706,157
121566,31.31544,-89.30734,158
121566,31.31537,-89.30745,159
121566,31.31508,-89.30781,160
121566,31.31476,-89.30812,161
121566,31.3145,-89.30842,162
121566,31.31421,-89.30879,163
121566,31.31389,-89.30916,164
121566,31.31371,-89.30936,165
121566,31.3136,-89.30949,166
121566,31.31331,-89.30981,167
121566,31.31301,-89.31015,168
121566,31.31273,-89.31045,169
121566,31.31241,-89.31081,170
121566,31.31213,-89.31114,171
121566,31.31183,-89.31148,172
121566,31.31132,-89.31205,173
121566,31.31135,-89.31277,174
121566,31.31135,-89.31327,175
121566,31.31135,-89.31369,176
121566,31.31133,-89.3137,177
121566,31.31133,-89.31405,178
121566,31.31133,-89.31428,179
121566,31.31133,-89.31431,180
121566,31.31108,-89.3143,181
121566,31.31006,-89.31431,182
121566,31.30985,-89.3143,183
121566,31.3098,-89.3143,184
121566,31.30976,-89.31429,185
121566,31.30973,-89.31428,186
121566,31.30968,-89.31424,187
121566,31.30962,-89.31431,188
121566,31.30949,-89.31451,189
121566,31.30938,-89.31472,190
121566,31.30927,-89.31497,191
121566,31.30918,-89.31522,192
121566,31.30914,-89.31537,193
121566,31.30913,-89.3154,194
121566,31.30908,-89.31558,195
121566,31.30904,-89.31576,196
121566,31.30901,-89.31594,197
121566,31.30898,-89.31611,198
121566,31.30897,-89.31629,199
121566,31.30897,-89.31643,200
121566,31.30897,-89.31651,201
121566,31.30897,-89.3166,202
121566,31.30899,-89.31687,203
121566,31.30901,-89.31703,204
121566,31.30904,-89.31718,205
121566,31.30907,-89.31735,206
121566,31.30912,-89.31752,207
121566,31.30916,-89.31768,208
121566,31.30922,-89.31784,209
121566,31.30927,-89.31798,210
121566,31.30933,-89.31812,211
121566,31.30937,-89.3181,212
121566,31.30943,-89.31807,213
121566,31.30962,-89.31806,214
121566,31.30964,-89.31806,215
121566,31.30981,-89.31807,216
121566,31.30991,-89.31807,217
121566,31.3101,-89.31807,218
121566,31.31011,-89.31807,219
121566,31.31026,-89.31807,220
121566,31.31043,-89.31808,221
121566,31.3106,-89.31808,222
121566,31.31074,-89.31809,223
121566,31.31093,-89.31809,224
121566,31.31109,-89.3181,225
121566,31.31124,-89.3181,226
121566,31.31138,-89.3181,227
121566,31.3114,-89.3181,228
121566,31.31141,-89.31824,229
121566,31.31142,-89.31847,230
121566,31.31142,-89.31851,231
121566,31.31142,-89.31874,232
121566,31.31142,-89.31891,233
121566,31.31143,-89.31941,234
121566,31.31143,-89.31969,235
121566,31.31143,-89.31979,236
121566,31.31139,-89.32007,237
121566,31.31133,-89.32036,238
121566,31.31108,-89.32087,239
121566,31.31097,-89.32117,240
121566,31.31094,-89.32126,241
121566,31.3109,-89.32138,242
121566,31.31086,-89.32149,243
121566,31.31079,-89.32158,244
121566,31.31067,-89.32164,245
121566,31.31065,-89.32165,246
121566,31.31056,-89.32166,247
121566,31.31008,-89.32168,248
121566,31.30965,-89.32164,249
121566,31.30957,-89.32161,250
121566,31.3095,-89.32156,251
121566,31.30945,-89.3215,252
121566,31.30942,-89.32143,253
121566,31.30942,-89.32135,254
121566,31.30942,-89.32057,255
121566,31.30942,-89.31984,256
121566,31.30941,-89.31984,257
121566,31.30924,-89.31983,258
121566,31.30918,-89.31982,259
121566,31.30912,-89.3198,260
121566,31.30905,-89.31975,261
121566,31.30872,-89.31942,262
121566,31.3087,-89.3194,263
121566,31.30868,-89.31938,264
121566,31.30864,-89.31938,265
121566,31.30861,-89.31937,266
121566,31.30769,-89.31937,267
121566,31.30763,-89.31937,268
121566,31.30763,-89.31862,269
121566,31.30763,-89.31861,270
121566,31.30761,-89.31861,271
121566,31.30718,-89.31861,272
121566,31.3067,-89.31861,273
121566,31.30655,-89.31862,274
121566,31.30637,-89.31864,275
121566,31.30611,-89.31873,276
121566,31.30593,-89.31883,277
121566,31.3057,-89.319,278
121566,31.30553,-89.31911,279
121566,31.30543,-89.31919,280
121566,31.30537,-89.31925,281
121566,31.30532,-89.31934,282
121566,31.30528,-89.31944,283
121566,31.30526,-89.32004,284
121566,31.30524,-89.32125,285
121566,31.30523,-89.32174,286
121566,31.30522,-89.32186,287
121566,31.30519,-89.32197,288
121566,31.30515,-89.32204,289
121566,31.30512,-89.32209,290
121566,31.30506,-89.32216,291
121566,31.30503,-89.32217,292
121566,31.30489,-89.3222,293
121566,31.30448,-89.3222,294
121566,31.30423,-89.32219,295
121566,31.30411,-89.32219,296
121566,31.30411,-89.32172,297
121566,31.30411,-89.32149,298
121566,31.3041,-89.32031,299
121566,31.30408,-89.31997,300
121566,31.30408,-89.31979,301
121566,31.30408,-89.31937,302
121566,31.30409,-89.3192,303
121566,31.3041,-89.31848,304
121566,31.30411,-89.31798,305
121566,31.30411,-89.31763,306
121566,31.30412,-89.31722,307
121566,31.30413,-89.31681,308
121566,31.30413,-89.31601,309
121566,31.30416,-89.31439,310
121566,31.30416,-89.31437,311
121566,31.30457,-89.31428,312
121566,31.30471,-89.31423,313
121566,31.30478,-89.3142,314
121566,31.30487,-89.31412,315
121566,31.30493,-89.31404,316
121566,31.30508,-89.31381,317
121566,31.30515,-89.31374,318
121566,31.30531,-89.31354,319
121566,31.30623,-89.31275,320
121566,31.30866,-89.3107,321
121566,31.30937,-89.3101,322
121566,31.30982,-89.30969,323
121566,31.31015,-89.30935,324
121566,31.31088,-89.30852,325
121566,31.31157,-89.30773,326
121566,31.31206,-89.30717,327
121566,31.31214,-89.30708,328
121566,31.31301,-89.3081,329
121566,31.31361,-89.30882,330
121566,31.31387,-89.30914,331
121566,31.31389,-89.30916,332
121566,31.31421,-89.30879,333
121566,31.3145,-89.30842,334
121566,31.31476,-89.30812,335
121566,31.31508,-89.30781,336
121566,31.31537,-89.30745,337
121566,31.31544,-89.30734,338
121566,31.31562,-89.30706,339
121566,31.31575,-89.3068,340
121566,31.31584,-89.30661,341
121566,31.31592,-89.30643,342
121566,31.31602,-89.30616,343
121566,31.31606,-89.30603,344
121566,31.31616,-89.30567,345
121566,31.31626,-89.30524,346
121566,31.31634,-89.30484,347
121566,31.31641,-89.30452,348
121566,31.31644,-89.30441,349
121566,31.31647,-89.30427,350
121566,31.31654,-89.30396,351
121566,31.31664,-89.30352,352
121566,31.31674,-89.30309,353
121566,31.31698,-89.30206,354
121566,31.31703,-89.30187,355
121566,31.31709,-89.3016,356
121566,31.31711,-89.30155,357
121566,31.31715,-89.30147,358
121566,31.31723,-89.30136,359
121566,31.31749,-89.30102,360
121566,31.31872,-89.29967,361
121566,31.31893,-89.29943,362
121566,31.31911,-89.29921,363
121566,31.31943,-89.29885,364
121566,31.31986,-89.29836,365
121566,31.32081,-89.29727,366
121566,31.32177,-89.29617,367
121566,31.32223,-89.29563,368
121566,31.32251,-89.2953,369
121566,31.32271,-89.29505,370
121566,31.32293,-89.29481,371
121566,31.32321,-89.29447,372
121566,31.32362,-89.29402,373
121566,31.32435,-89.29318,374
121566,31.32445,-89.29307,375
121566,31.32455,-89.29297,376
121566,31.32456,-89.29295,377
121566,31.32459,-89.29293,378
121566,31.32461,-89.29291,379
121566,31.32464,-89.2929,380
121566,31.32475,-89.29283,381
121566,31.32475,-89.29273,382
121566,31.32474,-89.2926,383
121566,31.32473,-89.29239,384
121566,31.32473,-89.29202,385
121566,31.32473,-89.29187,386
121566,31.32473,-89.29182,387
121566,31.32474,-89.29175,388
121566,31.32474,-89.29166,389
121566,31.32475,-89.29163,390
121566,31.3248,-89.29154,391
121566,31.32485,-89.29147,392
121566,31.32488,-89.29143,393
121566,31.32491,-89.2914,394
121566,31.325,-89.29132,395
121566,31.32522,-89.29104,396
121566,31.32565,-89.29056,397
121566,31.32621,-89.28992,398
121566,31.32645,-89.28965,399
121566,31.32601,-89.28916,400
121566,31.32585,-89.28897,401
121566,31.32582,-89.28892,402
121566,31.32574,-89.28884,403
121566,31.32568,-89.28876,404
121566,31.32557,-89.28862,405
121566,31.32523,-89.2882,406
121566,31.32582,-89.28753,407
121566,31.32624,-89.28706,408
121566,31.32664,-89.2866,409
121566,31.32672,-89.28649,410
121566,31.32678,-89.28638,411
121566,31.32684,-89.28628,412
121566,31.32687,-89.28623,413
121566,31.32692,-89.28617,414
121566,31.327,-89.28608,415
121566,31.32708,-89.28601,416
121566,31.32716,-89.28595,417
121566,31.32749,-89.28561,418
121566,31.32775,-89.28531,419
121566,31.32781,-89.28542,420
121566,31.32782,-89.28545,421
121566,31.32783,-89.28548,422
121566,31.32783,-89.28552,423
121566,31.32783,-89.28555,424
121566,31.32782,-89.28558,425
121566,31.3278,-89.28561,426
121566,31.32777,-89.28564,427
121567,31.30801,-89.31937,0
121567,31.30769,-89.31937,1
121567,31.30767,-89.31937,2
121567,31.30763,-89.31937,3
121567,31.30763,-89.31865,4
121567,31.30763,-89.31862,5
121567,31.30763,-89.31861,6
121567,31.30765,-89.31861,7
121567,31.30831,-89.31862,8
121567,31.30847,-89.31864,9
121567,31.30863,-89.31867,10
121567,31.30878,-89.31872,11
121567,31.30896,-89.31881,12
121567,31.3091,-89.3189,13
121567,31.3092,-89.31901,14
121567,31.3093,-89.31913,15
121567,31.30934,-89.31923,16
121567,31.30938,-89.31933,17
121567,31.30938,-89.31936,18
121567,31.3094,-89.31943,19
121567,31.30942,-89.31954,20
121567,31.30942,-89.31984,21
121567,31.30942,-89.32057,22
121567,31.30942,-89.32135,23
121567,31.30942,-89.32143,24
121567,31.30945,-89.3215,25
121567,31.3095,-89.32156,26
121567,31.30957,-89.32161,27
121567,31.30965,-89.32164,28
121567,31.31008,-89.32168,29
121567,31.31056,-89.32166,30
121567,31.31065,-89.32165,31
121567,31.31079,-89.32158,32
121567,31.31093,-89.32125,33
121567,31.31097,-89.32118,34
121567,31.31105,-89.32095,35
121567,31.31121,-89.32071,36
121567,31.31128,-89.32059,37
121567,31.31133,-89.32045,38
121567,31.31134,-89.32041,39
121567,31.31135,-89.32036,40
121567,31.31136,-89.32023,41
121567,31.31136,-89.32014,42
121567,31.31137,-89.31985,43
121567,31.31111,-89.31986,44
121567,31.311,-89.31986,45
121567,31.3109,-89.31986,46
121567,31.31084,-89.31984,47
121567,31.31079,-89.31983,48
121567,31.31074,-89.31981,49
121567,31.31069,-89.31976,50
121567,31.31003,-89.31907,51
121567,31.3097,-89.31872,52
121567,31.30967,-89.3187,53
121567,31.30958,-89.31857,54
121567,31.30949,-89.31844,55
121567,31.30942,-89.31833,56
121567,31.30937,-89.31821,57
121567,31.30933,-89.31812,58
121567,31.30927,-89.31798,59
121567,31.30922,-89.31784,60
121567,31.30916,-89.31768,61
121567,31.30912,-89.31752,62
121567,31.30907,-89.31735,63
121567,31.30904,-89.31718,64
121567,31.30901,-89.31703,65
121567,31.30899,-89.31687,66
121567,31.30897,-89.3166,67
121567,31.30897,-89.31651,68
121567,31.30897,-89.31643,69
121567,31.30897,-89.31629,70
121567,31.30898,-89.31611,71
121567,31.30901,-89.31594,72
121567,31.30904,-89.31576,73
121567,31.30908,-89.31558,74
121567,31.30913,-89.3154,75
121567,31.30918,-89.31522,76
121567,31.30927,-89.31497,77
121567,31.30938,-89.31472,78
121567,31.30949,-89.31451,79
121567,31.30962,-89.31431,80
121567,31.30968,-89.31424,81
121567,31.30973,-89.31428,82
121567,31.30976,-89.31429,83
121567,31.3098,-89.3143,84
121567,31.30985,-89.3143,85
121567,31.31006,-89.31431,86
121567,31.31108,-89.3143,87
121567,31.31133,-89.31431,88
121567,31.31133,-89.31405,89
121567,31.31133,-89.31402,90
121567,31.31133,-89.3137,91
121567,31.31135,-89.31369,92
121567,31.31135,-89.31327,93
121567,31.31135,-89.31277,94
121567,31.31132,-89.31205,95
121567,31.31096,-89.31248,96
121567,31.31041,-89.31312,97
121567,31.31018,-89.31338,98
121567,31.31007,-89.31356,99
121567,31.31002,-89.31349,100
121567,31.31,-89.31345,101
121567,31.31,-89.31343,102
121567,31.30998,-89.31341,103
121567,31.30997,-89.31339,104
121567,31.30996,-89.31338,105
121567,31.30994,-89.31338,106
121567,31.30993,-89.31338,107
121567,31.30991,-89.31338,108
121567,31.30988,-89.31339,109
121567,31.30984,-89.31341,110
121567,31.30981,-89.31343,111
121567,31.30977,-89.31346,112
121567,31.30974,-89.31349,113
121567,31.3095,-89.31377,114
121567,31.30927,-89.31403,115
121567,31.3092,-89.3141,116
121567,31.3091,-89.31418,117
121567,31.30898,-89.31427,118
121567,31.30883,-89.31435,119
121567,31.30876,-89.31438,120
121567,31.30866,-89.31442,121
121567,31.30825,-89.31457,122
121567,31.30805,-89.31463,123
121567,31.30789,-89.31468,124
121567,31.30776,-89.3147,125
121567,31.30763,-89.31472,126
121567,31.30749,-89.31473,127
121567,31.30728,-89.31474,128
121567,31.30711,-89.31475,129
121567,31.30693,-89.31473,130
121567,31.3068,-89.31471,131
121567,31.30666,-89.31469,132
121567,31.30643,-89.31465,133
121567,31.30623,-89.3146,134
121567,31.30615,-89.31457,135
121567,31.30607,-89.31454,136
121567,31.30602,-89.31451,137
121567,31.30599,-89.31449,138
121567,31.30594,-89.31445,139
121567,31.30586,-89.31438,140
121567,31.3058,-89.31431,141
121567,31.30558,-89.31399,142
121567,31.30531,-89.31354,143
121567,31.30515,-89.31374,144
121567,31.30508,-89.31381,145
121567,31.30502,-89.31391,146
121567,31.30493,-89.31404,147
121567,31.30487,-89.31412,148
121567,31.30478,-89.3142,149
121567,31.30471,-89.31423,150
121567,31.30457,-89.31428,151
121567,31.30416,-89.31437,152
121567,31.30413,-89.31601,153
121567,31.30413,-89.31681,154
121567,31.30411,-89.31763,155
121567,31.30411,-89.31798,156
121567,31.3041,-89.31843,157
121567,31.3041,-89.31848,158
121567,31.30409,-89.3192,159
121567,31.30408,-89.31937,160
121567,31.30408,-89.31979,161
121567,31.30408,-89.31997,162
121567,31.3041,-89.32031,163
121567,31.30411,-89.32149,164
121567,31.30411,-89.32172,165
121567,31.30411,-89.32219,166
121567,31.30411,-89.3232,167
121567,31.30412,-89.32699,168
121567,31.30412,-89.32865,169
121567,31.30409,-89.33074,170
121567,31.30409,-89.331,171
121567,31.30409,-89.33112,172
121567,31.30409,-89.33118,173
121567,31.30286,-89.33122,174
121567,31.30214,-89.33122,175
121567,31.30098,-89.33123,176
121567,31.29915,-89.33123,177
121567,31.29915,-89.32989,178
121567,31.29915,-89.32881,179
121567,31.29915,-89.3283,180
121567,31.29915,-89.32642,181
121567,31.29917,-89.32391,182
121567,31.29916,-89.3218,183
121567,31.29916,-89.32126,184
121567,31.29913,-89.32102,185
121567,31.2991,-89.32086,186
121567,31.29903,-89.32055,187
121567,31.2983,-89.31826,188
121567,31.29822,-89.31756,189
121567,31.2982,-89.31684,190
121567,31.29843,-89.3169,191
121567,31.29865,-89.31689,192
121567,31.29882,-89.31687,193
121567,31.29913,-89.3167,194
121567,31.30136,-89.31503,195
121567,31.30232,-89.31423,196
121567,31.30284,-89.31362,197
121567,31.30295,-89.31348,198
121567,31.30312,-89.31322,199
121567,31.30333,-89.31282,200
121567,31.30344,-89.31265,201
121567,31.30354,-89.31248,202
121567,31.30362,-89.31232,203
121567,31.30398,-89.31171,204
121567,31.304,-89.31167,205
121567,31.30413,-89.31146,206
121567,31.30425,-89.31126,207
121567,31.30471,-89.31072,208
121567,31.30582,-89.30949,209
121567,31.30589,-89.30937,210
121567,31.30603,-89.30919,211
121567,31.30639,-89.30883,212
121567,31.30689,-89.30823,213
121567,31.30735,-89.30771,214
121567,31.30744,-89.3076,215
121567,31.30798,-89.30698,216
121567,31.30847,-89.30642,217
121567,31.30934,-89.30538,218
121567,31.31023,-89.30439,219
121567,31.30983,-89.30392,220
121567,31.30979,-89.30388,221
121567,31.30935,-89.30334,222
121567,31.3089,-89.30283,223
121567,31.30896,-89.30276,224
121567,31.30978,-89.30183,225
121567,31.31066,-89.30085,226
121567,31.31153,-89.29986,227
121567,31.31173,-89.29959,228
121567,31.31176,-89.29953,229
121567,31.31176,-89.29944,230
121567,31.31151,-89.29943,231
121567,31.31143,-89.29943,232
121567,31.31079,-89.29944,233
121567,31.31018,-89.29943,234
121567,31.30954,-89.29943,235
121567,31.30827,-89.29945,236
121567,31.30619,-89.29946,237
121567,31.30619,-89.29878,238
121567,31.3062,-89.29568,239
121567,31.30622,-89.29408,240
121567,31.30558,-89.2941,241
121567,31.30498,-89.2941,242
121567,31.30479,-89.2941,243
121567,31.30425,-89.29409,244
121567,31.30348,-89.29409,245
121567,31.30286,-89.2941,246
121567,31.30277,-89.29409,247
121567,31.30173,-89.29408,248
121567,31.30134,-89.29411,249
121567,31.30117,-89.29414,250
121567,31.30108,-89.29416,251
121567,31.30092,-89.29422,252
121567,31.30075,-89.29431,253
121567,31.30057,-89.29441,254
121567,31.30039,-89.29454,255
121567,31.30012,-89.29479,256
121567,31.29976,-89.29529,257
121567,31.29966,-89.29544,258
121567,31.2995,-89.2958,259
121567,31.29939,-89.29606,260
121567,31.2993,-89.29651,261
121567,31.29926,-89.29733,262
121567,31.29925,-89.2976,263
121567,31.29916,-89.30031,264
121567,31.29914,-89.30139,265
121567,31.29912,-89.3036,266
121567,31.29911,-89.30447,267
121567,31.2991,-89.30571,268
121567,31.29914,-89.30813,269
121567,31.29915,-89.30816,270
121567,31.29916,-89.30841,271
121567,31.29941,-89.30863,272
121567,31.29952,-89.30872,273
121567,31.2999,-89.30902,274
121567,31.30023,-89.30931,275
121567,31.30049,-89.30954,276
121567,31.30066,-89.30969,277
121567,31.30075,-89.30977,278
121567,31.30086,-89.30988,279
121567,31.30117,-89.31018,280
121567,31.30135,-89.31035,281
121567,31.3016,-89.31059,282
121567,31.30193,-89.31091,283
121567,31.30227,-89.31125,284
121567,31.30243,-89.31141,285
121567,31.30275,-89.31175,286
121567,31.3028,-89.3118,287
121567,31.30292,-89.31193,288
121567,31.30309,-89.31211,289
121567,31.30333,-89.31236,290
121567,31.3035,-89.31254,291
121567,31.30364,-89.31268,292
121567,31.30366,-89.3127,293
121567,31.30399,-89.31303,294
121567,31.3043,-89.31337,295
121567,31.30466,-89.31375,296
121567,31.30473,-89.31376,297
121567,31.30476,-89.31377,298
121567,31.30481,-89.31378,299
121567,31.30485,-89.3138,300
121567,31.3049,-89.3138,301
121567,31.30497,-89.31381,302
121567,31.30508,-89.31381,303
121567,31.30515,-89.31374,304
121567,31.30531,-89.31354,305
121567,31.30549,-89.31383,306
121567,31.30558,-89.31399,307
121567,31.3058,-89.31431,308
121567,31.30586,-89.31438,309
121567,31.30594,-89.31445,310
121567,31.30602,-89.31451,311
121567,31.30607,-89.31454,312
121567,31.30615,-89.31457,313
121567,31.30623,-89.3146,314
121567,31.30643,-89.31465,315
121567,31.30666,-89.31469,316
121567,31.3068,-89.31471,317
121567,31.30693,-89.31473,318
121567,31.30711,-89.31475,319
121567,31.30728,-89.31474,320
121567,31.30749,-89.31473,321
121567,31.30763,-89.31472,322
121567,31.30776,-89.3147,323
121567,31.30781,-89.31469,324
121567,31.30789,-89.31468,325
121567,31.30805,-89.31463,326
121567,31.30825,-89.31457,327
121567,31.30866,-89.31442,328
121567,31.30876,-89.31438,329
121567,31.30883,-89.31435,330
121567,31.30898,-89.31427,331
121567,31.3091,-89.31418,332
121567,31.3092,-89.3141,333
121567,31.30927,-89.31403,334
121567,31.3095,-89.31377,335
121567,31.30977,-89.31346,336
121567,31.30981,-89.31343,337
121567,31.30984,-89.31341,338
121567,31.30988,-89.31339,339
121567,31.30991,-89.31338,340
121567,31.30993,-89.31338,341
121567,31.30994,-89.31338,342
121567,31.30996,-89.31338,343
121567,31.30997,-89.31339,344
121567,31.30998,-89.31341,345
121567,31.31,-89.31343,346
121567,31.31002,-89.31349,347
121567,31.31007,-89.31356,348
121567,31.31012,-89.3136,349
121567,31.31014,-89.31364,350
121567,31.31014,-89.31366,351
121567,31.31014,-89.31368,352
121567,31.31012,-89.31373,353
121567,31.31007,-89.31379,354
121567,31.30981,-89.31408,355
121567,31.30968,-89.31424,356
121567,31.30962,-89.31431,357
121567,31.30949,-89.31451,358
121567,31.30938,-89.31472,359
121567,31.3093,-89.3149,360
121567,31.30927,-89.31497,361
121567,31.30918,-89.31522,362
121567,31.30913,-89.3154,363
121567,31.30908,-89.31558,364
121567,31.30904,-89.31576,365
121567,31.30901,-89.31594,366
121567,31.30898,-89.31611,367
121567,31.30897,-89.31629,368
121567,31.30897,-89.31643,369
121567,31.30897,-89.31651,370
121567,31.30897,-89.3166,371
121567,31.30899,-89.31687,372
121567,31.30901,-89.31703,373
121567,31.30904,-89.31718,374
121567,31.30907,-89.31735,375
121567,31.30912,-89.31752,376
121567,31.30916,-89.31768,377
121567,31.30922,-89.31784,378
121567,31.30926,-89.31796,379
121567,31.30927,-89.31798,380
121567,31.30933,-89.31812,381
121567,31.30943,-89.31807,382
121567,31.30962,-89.31806,383
121567,31.30964,-89.31806,384
121567,31.30975,-89.31807,385
121567,31.30991,-89.31807,386
121567,31.3101,-89.31807,387
121567,31.31011,-89.31807,388
121567,31.31026,-89.31807,389
121567,31.31043,-89.31808,390
121567,31.3106,-89.31808,391
121567,31.31074,-89.31809,392
121567,31.31093,-89.31809,393
121567,31.31109,-89.3181,394
121567,31.31124,-89.3181,395
121567,31.31138,-89.3181,396
121567,31.3114,-89.3181,397
121567,31.31141,-89.31823,398
121567,31.31142,-89.31851,399
121567,31.31142,-89.31869,400
121567,31.31142,-89.31891,401
121567,31.31143,-89.31941,402
121567,31.31143,-89.31969,403
121567,31.31143,-89.3198,404
121567,31.31144,-89.31994,405
121567,31.31143,-89.32024,406
121567,31.31143,-89.32043,407
121567,31.31137,-89.32056,408
121567,31.31121,-89.32086,409
121567,31.31116,-89.32098,410
121567,31.31107,-89.32111,411
121567,31.31087,-89.32147,412
121567,31.31086,-89.32149,413
121567,31.31079,-89.32158,414
121567,31.31065,-89.32165,415
121567,31.31056,-89.32166,416
121567,31.31026,-89.32167,417
121567,31.31008,-89.32168,418
121567,31.30965,-89.32164,419
121567,31.30957,-89.32161,420
121567,31.3095,-89.32156,421
121567,31.30945,-89.3215,422
121567,31.30942,-89.32143,423
121567,31.30942,-89.32135,424
121567,31.30942,-89.32057,425
121567,31.30942,-89.32011,426
121567,31.30942,-89.31984,427
121567,31.30942,-89.31954,428
121567,31.3094,-89.31943,429
121567,31.30938,-89.31933,430
121567,31.30934,-89.31923,431
121567,31.3093,-89.31913,432
121567,31.3092,-89.31901,433
121567,31.3091,-89.3189,434
121567,31.30896,-89.31881,435
121567,31.30878,-89.31872,436
121567,31.30863,-89.31867,437
121567,31.30847,-89.31864,438
121567,31.30831,-89.31862,439
121567,31.30809,-89.31861,440
121567,31.30765,-89.31861,441
121567,31.30763,-89.31861,442
121567,31.30763,-89.31862,443
121567,31.30763,-89.31892,444
121567,31.30763,-89.31937,445
121567,31.30769,-89.31937,446
121567,31.30805,-89.31937,447
121677,31.32778,-89.28564,0
121677,31.32771,-89.28571,1
121677,31.32768,-89.28573,2
121677,31.32766,-89.28574,3
121677,31.32764,-89.28574,4
121677,31.32763,-89.28574,5
121677,31.32762,-89.28573,6
121677,31.32757,-89.28571,7
121677,31.32753,-89.28567,8
121677,31.32751,-89.28564,9
121677,31.32749,-89.28561,10
121677,31.32716,-89.28595,11
121677,31.32708,-89.28601,12
121677,31.327,-89.28608,13
121677,31.32692,-89.28617,14
121677,31.32687,-89.28623,15
121677,31.32684,-89.28628,16
121677,31.32678,-89.28638,17
121677,31.32672,-89.28649,18
121677,31.32664,-89.2866,19
121677,31.32624,-89.28706,20
121677,31.32582,-89.28753,21
121677,31.32525,-89.28818,22
121677,31.32523,-89.2882,23
121677,31.32474,-89.28761,24
121677,31.32463,-89.28749,25
121677,31.32443,-89.28726,26
121677,31.32439,-89.28722,27
121677,31.32412,-89.28688,28
121677,31.32401,-89.28677,29
121677,31.32391,-89.2867,30
121677,31.32382,-89.28665,31
121677,31.32372,-89.2866,32
121677,31.32371,-89.28659,33
121677,31.32361,-89.28656,34
121677,31.32317,-89.2864,35
121677,31.323,-89.28635,36
121677,31.32291,-89.28633,37
121677,31.32277,-89.28632,38
121677,31.32224,-89.28631,39
121677,31.32193,-89.28631,40
121677,31.32045,-89.28628,41
121677,31.31991,-89.28628,42
121677,31.31913,-89.28627,43
121677,31.31834,-89.28629,44
121677,31.31751,-89.28631,45
121677,31.31751,-89.28626,46
121677,31.3175,-89.28618,47
121677,31.31747,-89.28611,48
121677,31.31746,-89.28608,49
121677,31.31743,-89.28604,50
121677,31.31741,-89.28602,51
121677,31.31739,-89.286,52
121677,31.31735,-89.28597,53
121677,31.31722,-89.28589,54
121677,31.31705,-89.2858,55
121677,31.31698,-89.28575,56
121677,31.31693,-89.28572,57
121677,31.31689,-89.28569,58
121677,31.31683,-89.28561,59
121677,31.31681,-89.28558,60
121677,31.31677,-89.28557,61
121677,31.31676,-89.28555,62
121677,31.31668,-89.2854,63
121677,31.31659,-89.28522,64
121677,31.31647,-89.28499,65
121677,31.31644,-89.28503,66
121677,31.31641,-89.28506,67
121677,31.31635,-89.28507,68
121677,31.31617,-89.28508,69
121677,31.31584,-89.28508,70
121677,31.31514,-89.28507,71
121677,31.31382,-89.28507,72
121677,31.31313,-89.28507,73
121677,31.3124,-89.28507,74
121677,31.31232,-89.28506,75
121677,31.31201,-89.28506,76
121677,31.31092,-89.28506,77
121677,31.31018,-89.28505,78
121677,31.30991,-89.28505,79
121677,31.30962,-89.28506,80
121677,31.30891,-89.28509,81
121677,31.30759,-89.28508,82
121677,31.30622,-89.28507,83
121677,31.30487,-89.28507,84
121677,31.30457,-89.28507,85
121677,31.30355,-89.28506,86
121677,31.30297,-89.28504,87
121677,31.30217,-89.28492,88
121677,31.30166,-89.28483,89
121677,31.30124,-89.28472,90
121677,31.30123,-89.2838,91
121677,31.30123,-89.28277,92
121677,31.3008,-89.28278,93
121677,31.30062,-89.28278,94
121677,31.30013,-89.28277,95
121677,31.30006,-89.28279,96
121677,31.3,-89.28284,97
121677,31.29998,-89.28292,98
121677,31.29998,-89.2831,99
121677,31.29999,-89.28407,100
121677,31.29999,-89.28424,101
121677,31.30012,-89.28424,102
121677,31.30022,-89.28427,103
121677,31.3003,-89.28431,104
121677,31.30036,-89.2844,105
121677,31.30039,-89.28452,106
121677,31.30042,-89.28467,107
121677,31.30024,-89.28472,108
121677,31.30006,-89.28479,109
121677,31.29953,-89.28502,110
121677,31.29883,-89.28541,111
121677,31.29868,-89.28553,112
121677,31.29844,-89.28569,113
121677,31.29819,-89.28588,114
121677,31.29797,-89.28603,115
121677,31.29787,-89.28609,116
121677,31.29774,-89.28616,117
121677,31.29762,-89.2862,118
121677,31.29753,-89.28623,119
121677,31.29747,-89.28625,120
121677,31.29737,-89.28628,121
121677,31.29726,-89.2863,122
121677,31.29693,-89.28638,123
121677,31.29675,-89.28639,124
121677,31.29631,-89.28641,125
121677,31.29582,-89.28643,126
121677,31.29548,-89.28646,127
121677,31.29487,-89.28656,128
121677,31.29408,-89.28668,129
121677,31.29371,-89.28673,130
121677,31.29339,-89.28677,131
121677,31.29287,-89.28678,132
121677,31.29246,-89.28677,133
121677,31.29201,-89.28674,134
121677,31.29198,-89.28674,135
121677,31.29171,-89.2867,136
121677,31.2915,-89.28667,137
121677,31.29115,-89.28657,138
121677,31.29077,-89.28646,139
121677,31.29021,-89.28625,140
121677,31.28971,-89.28609,141
121677,31.28934,-89.28597,142
121677,31.28845,-89.28569,143
121677,31.28835,-89.28567,144
121677,31.28821,-89.28563,145
121677,31.288,-89.28562,146
121677,31.28777,-89.28561,147
121677,31.28763,-89.28562,148
121677,31.28746,-89.28564,149
121677,31.2872,-89.28567,150
121677,31.28698,-89.28574,151
121677,31.28672,-89.28582,152
121677,31.286,-89.28611,153
121677,31.28538,-89.28637,154
121677,31.28473,-89.28663,155
121677,31.28404,-89.2869,156
121677,31.28318,-89.28725,157
121677,31.28175,-89.28782,158
121677,31.2811,-89.28808,159
121677,31.28057,-89.28828,160
121677,31.28049,-89.28831,161
121677,31.28005,-89.28847,162
121677,31.27907,-89.28882,163
121677,31.27871,-89.28895,164
121677,31.27854,-89.28902,165
121677,31.27845,-89.28905,166
121677,31.27839,-89.28908,167
121677,31.27833,-89.28912,168
121677,31.27826,-89.28916,169
121677,31.27818,-89.28922,170
121677,31.27808,-89.2893,171
121677,31.27801,-89.28936,172
121677,31.27782,-89.28952,173
121677,31.2777,-89.28935,174
121677,31.27761,-89.28921,175
121677,31.27745,-89.2889,176
121677,31.27743,-89.2888,177
121677,31.27741,-89.28868,178
121677,31.2774,-89.28845,179
121677,31.2774,-89.28844,180
121677,31.27741,-89.28719,181
121677,31.27742,-89.28563,182
121677,31.27742,-89.28476,183
121677,31.27742,-89.28406,184
121677,31.27742,-89.28221,185
121677,31.27742,-89.28088,186
121677,31.27742,-89.28061,187
121677,31.27741,-89.27994,188
121677,31.2774,-89.27967,189
121677,31.27739,-89.27876,190
121677,31.27737,-89.27567,191
121677,31.27736,-89.27481,192
121677,31.27736,-89.27457,193
121677,31.27736,-89.27435,194
121677,31.27732,-89.27358,195
121677,31.27733,-89.27151,196
121677,31.27744,-89.26999,197
121677,31.27755,-89.26867,198
121677,31.2776,-89.26834,199
121677,31.2772,-89.26832,200
121677,31.27689,-89.2683,201
121677,31.2758,-89.26815,202
121677,31.27617,-89.2675,203
121677,31.27641,-89.2671,204
121677,31.27655,-89.26694,205
121677,31.27687,-89.26659,206
121677,31.27702,-89.26646,207
121677,31.27732,-89.26619,208
121677,31.27766,-89.26591,209
121677,31.27769,-89.26585,210
121677,31.27777,-89.26567,211
121677,31.27798,-89.26478,212
121677,31.27804,-89.26442,213
121677,31.27807,-89.2643,214
121677,31.27815,-89.26384,215
121677,31.2782,-89.26335,216
121677,31.27822,-89.26292,217
121677,31.27822,-89.26275,218
121677,31.27824,-89.26231,219
121677,31.27827,-89.26195,220
121677,31.27832,-89.26157,221
121677,31.27843,-89.26106,222
121677,31.27858,-89.26063,223
121677,31.27911,-89.25935,224
121677,31.2793,-89.259,225
121677,31.27932,-89.25896,226
121677,31.27936,-89.25892,227
121677,31.27816,-89.25791,228
121677,31.27591,-89.25601,229
121677,31.27526,-89.25544,230
121677,31.27464,-89.25495,231
121677,31.27456,-89.25488,232
121677,31.27443,-89.25476,233
121677,31.27326,-89.25383,234
121677,31.27325,-89.25411,235
121677,31.27323,-89.25547,236
121677,31.27323,-89.25569,237
121677,31.27319,-89.25797,238
121677,31.27318,-89.2586,239
121677,31.27317,-89.25918,240
121677,31.27315,-89.25962,241
121677,31.27312,-89.25993,242
121677,31.27311,-89.25999,243
121677,31.27305,-89.26029,244
121677,31.273,-89.26049,245
121677,31.27296,-89.26066,246
121677,31.2729,-89.26083,247
121677,31.27279,-89.2611,248
121677,31.27268,-89.26132,249
121677,31.27253,-89.26159,250
121677,31.27241,-89.26178,251
121677,31.27232,-89.26191,252
121677,31.27225,-89.262,253
121677,31.27204,-89.26224,254
121677,31.27168,-89.26262,255
121677,31.27061,-89.26374,256
121677,31.27037,-89.26399,257
121677,31.2699,-89.2645,258
121677,31.26975,-89.26467,259
121677,31.26916,-89.26533,260
121677,31.26881,-89.26572,261
121677,31.26831,-89.26637,262
121677,31.26812,-89.26664,263
121677,31.268,-89.26683,264
121677,31.26798,-89.26687,265
121677,31.26778,-89.26723,266
121677,31.26757,-89.26763,267
121677,31.26745,-89.26791,268
121677,31.26732,-89.2682,269
121677,31.26719,-89.26855,270
121677,31.2671,-89.2688,271
121677,31.26704,-89.26899,272
121677,31.26696,-89.26923,273
121677,31.26687,-89.26956,274
121677,31.26686,-89.26962,275
121677,31.26676,-89.27001,276
121677,31.26667,-89.27051,277
121677,31.26659,-89.27095,278
121677,31.26656,-89.27121,279
121677,31.26655,-89.27135,280
121677,31.26654,-89.27144,281
121677,31.26653,-89.27161,282
121677,31.26653,-89.27163,283
121677,31.26652,-89.27181,284
121677,31.26652,-89.27191,285
121677,31.26651,-89.27251,286
121677,31.26636,-89.27257,287
121677,31.26556,-89.27299,288
121677,31.26368,-89.2742,289
121677,31.26341,-89.27438,290
121677,31.26308,-89.27459,291
121677,31.26274,-89.27476,292
121677,31.26245,-89.27482,293
121677,31.26184,-89.27495,294
121677,31.26181,-89.27495,295
121677,31.26176,-89.27466,296
121677,31.2617,-89.27424,297
121677,31.26167,-89.27401,298
121677,31.26166,-89.27392,299
121677,31.26166,-89.27381,300
121677,31.26167,-89.27375,301
121677,31.2617,-89.27369,302
121677,31.26193,-89.27335,303
121677,31.2617,-89.27369,304
121677,31.26167,-89.27375,305
121677,31.26166,-89.27381,306
121677,31.26166,-89.27392,307
121677,31.26167,-89.27401,308
121677,31.2617,-89.27424,309
121677,31.26176,-89.27466,310
121677,31.26181,-89.27495,311
121677,31.262,-89.27491,312
121677,31.26245,-89.27482,313
121677,31.26248,-89.27511,314
121677,31.26253,-89.27528,315
121677,31.26276,-89.27618,316
121677,31.26279,-89.2763,317
121677,31.26284,-89.27659,318
121677,31.26287,-89.277,319
121677,31.26288,-89.2774,320
121677,31.26292,-89.27767,321
121677,31.263,-89.27776,322
121677,31.2631,-89.2778,323
121677,31.26368,-89.27777,324
121677,31.2665,-89.27783,325
121677,31.2665,-89.2781,326
121677,31.26653,-89.27984,327
121677,31.26653,-89.28009,328
121677,31.26654,-89.28263,329
121677,31.26654,-89.28285,330
121677,31.26655,-89.2834,331
121677,31.26656,-89.2837,332
121677,31.26657,-89.28393,333
121677,31.26659,-89.28417,334
121677,31.26659,-89.28439,335
121677,31.26659,-89.28449,336
121677,31.26659,-89.28454,337
121677,31.26658,-89.2846,338
121677,31.26655,-89.28478,339
121677,31.2676,-89.28522,340
121677,31.26825,-89.28549,341
121677,31.26875,-89.2857,342
121677,31.27023,-89.28631,343
121677,31.27073,-89.28653,344
121677,31.27166,-89.28693,345
121677,31.27231,-89.28721,346
121677,31.27291,-89.28746,347
121677,31.2732,-89.28758,348
121677,31.27325,-89.2876,349
121677,31.27365,-89.28776,350
121677,31.27445,-89.28808,351
121677,31.27486,-89.28826,352
121677,31.27511,-89.28837,353
121677,31.27531,-89.28846,354
121677,31.27568,-89.28864,355
121677,31.27593,-89.28877,356
121677,31.27608,-89.28885,357
121677,31.27638,-89.28904,358
121677,31.27656,-89.28916,359
121677,31.2766,-89.28919,360
121677,31.27674,-89.28929,361
121677,31.27685,-89.28938,362
121677,31.27702,-89.28951,363
121677,31.27719,-89.28966,364
121677,31.27742,-89.28986,365
121677,31.27798,-89.29038,366
121677,31.27804,-89.29052,367
121677,31.27823,-89.2907,368
121677,31.27844,-89.29089,369
121677,31.27912,-89.29154,370
121677,31.27963,-89.29203,371
121677,31.28003,-89.29241,372
121677,31.28026,-89.29264,373
121677,31.28063,-89.293,374
121677,31.28097,-89.29332,375
121677,31.28108,-89.29343,376
121677,31.28143,-89.29375,377
121677,31.28192,-89.29422,378
121677,31.28227,-89.29455,379
121677,31.28255,-89.29481,380
121677,31.28322,-89.29544,381
121677,31.28433,-89.29652,382
121677,31.2852,-89.29735,383
121677,31.28532,-89.29747,384
121677,31.28546,-89.29751,385
121677,31.28556,-89.29736,386
121677,31.28595,-89.29678,387
121677,31.28548,-89.29747,388
121677,31.28546,-89.29751,389
121677,31.2854,-89.29762,390
121677,31.28532,-89.29747,391
121677,31.285,-89.29716,392
121677,31.28433,-89.29652,393
121677,31.28322,-89.29544,394
121677,31.28255,-89.29481,395
121677,31.28227,-89.29455,396
121677,31.28192,-89.29422,397
121677,31.28143,-89.29375,398
121677,31.28108,-89.29343,399
121677,31.28097,-89.29332,400
121677,31.28063,-89.293,401
121677,31.28026,-89.29264,402
121677,31.27963,-89.29203,403
121677,31.27912,-89.29154,404
121677,31.27844,-89.29089,405
121677,31.27823,-89.2907,406
121677,31.27804,-89.29052,407
121677,31.27792,-89.2905,408
121677,31.27764,-89.29026,409
121677,31.27742,-89.29008,410
121677,31.27736,-89.29004,411
121677,31.27729,-89.28998,412
121677,31.27742,-89.28986,413
121677,31.27767,-89.28966,414
121677,31.27782,-89.28952,415
121677,31.27801,-89.28936,416
121677,31.27818,-89.28922,417
121677,31.27826,-89.28916,418
121677,31.27833,-89.28912,419
121677,31.27839,-89.28908,420
121677,31.27845,-89.28905,421
121677,31.27854,-89.28902,422
121677,31.27871,-89.28895,423
121677,31.27907,-89.28882,424
121677,31.28005,-89.28847,425
121677,31.28057,-89.28828,426
121677,31.28075,-89.28821,427
121677,31.2811,-89.28808,428
121677,31.28175,-89.28782,429
121677,31.28318,-89.28725,430
121677,31.28404,-89.2869,431
121677,31.28473,-89.28663,432
121677,31.28538,-89.28637,433
121677,31.28593,-89.28614,434
121677,31.286,-89.28611,435
121677,31.28672,-89.28582,436
121677,31.28698,-89.28574,437
121677,31.2872,-89.28567,438
121677,31.28746,-89.28564,439
121677,31.28777,-89.28561,440
121677,31.288,-89.28562,441
121677,31.28821,-89.28563,442
121677,31.28835,-89.28567,443
121677,31.28845,-89.28569,444
121677,31.28844,-89.28485,445
121677,31.28843,-89.28423,446
121677,31.28974,-89.28422,447
121677,31.29209,-89.28426,448
121677,31.29209,-89.28423,449
121677,31.29209,-89.28426,450
121677,31.2924,-89.28426,451
121677,31.29295,-89.28426,452
121677,31.29338,-89.28427,453
121677,31.29578,-89.28423,454
121677,31.29604,-89.28423,455
121677,31.29632,-89.28423,456
121677,31.29955,-89.28424,457
121677,31.29999,-89.28424,458
121677,31.29998,-89.28325,459
121677,31.29998,-89.2831,460
121677,31.29998,-89.28292,461
121677,31.3,-89.28284,462
121677,31.30006,-89.28279,463
121677,31.30013,-89.28277,464
121677,31.3008,-89.28278,465
121677,31.30123,-89.28277,466
121677,31.30123,-89.28352,467
121677,31.30124,-89.28472,468
121677,31.30156,-89.28481,469
121677,31.30166,-89.28483,470
121677,31.30217,-89.28492,471
121677,31.30297,-89.28504,472
121677,31.30355,-89.28506,473
121677,31.30487,-89.28507,474
121677,31.30622,-89.28507,475
121677,31.30759,-89.28508,476
121677,31.30891,-89.28509,477
121677,31.30944,-89.28507,478
121677,31.30962,-89.28506,479
121677,31.30991,-89.28505,480
121677,31.31018,-89.28505,481
121677,31.31201,-89.28506,482
121677,31.3124,-89.28507,483
121677,31.31313,-89.28507,484
121677,31.31382,-89.28507,485
121677,31.31514,-89.28507,486
121677,31.31514,-89.285,487
121677,31.31514,-89.28507,488
121677,31.31584,-89.28508,489
121677,31.31635,-89.28507,490
121677,31.31641,-89.28506,491
121677,31.31644,-89.28503,492
121677,31.31647,-89.28499,493
121677,31.31659,-89.28522,494
121677,31.31668,-89.2854,495
121677,31.31677,-89.28557,496
121677,31.31681,-89.28558,497
121677,31.31683,-89.28561,498
121677,31.31689,-89.28569,499
121677,31.31693,-89.28572,500
121677,31.31698,-89.28575,501
121677,31.31705,-89.2858,502
121677,31.31722,-89.28589,503
121677,31.31735,-89.28597,504
121677,31.31739,-89.286,505
121677,31.31741,-89.28602,506
121677,31.31743,-89.28604,507
121677,31.31746,-89.28608,508
121677,31.31747,-89.28611,509
121677,31.3175,-89.28618,510
121677,31.31751,-89.28626,511
121677,31.31751,-89.28631,512
121677,31.31913,-89.28627,513
121677,31.31991,-89.28628,514
121677,31.32045,-89.28628,515
121677,31.32045,-89.28623,516
121677,31.32045,-89.28628,517
121677,31.32193,-89.28631,518
121677,31.32224,-89.28631,519
121677,31.32277,-89.28632,520
121677,31.32291,-89.28633,521
121677,31.323,-89.28635,522
121677,31.32317,-89.2864,523
121677,31.32361,-89.28656,524
121677,31.32372,-89.2866,525
121677,31.32382,-89.28665,526
121677,31.32391,-89.2867,527
121677,31.32401,-89.28677,528
121677,31.32412,-89.28688,529
121677,31.32439,-89.28722,530
121677,31.32443,-89.28726,531
121677,31.32463,-89.28749,532
121677,31.32474,-89.28761,533
121677,31.32506,-89.288,534
121677,31.32523,-89.2882,535
121677,31.32582,-89.28753,536
121677,31.32624,-89.28706,537
121677,31.32664,-89.2866,538
121677,31.32672,-89.28649,539
121677,31.32678,-89.28638,540
121677,31.32684,-89.28628,541
121677,31.32687,-89.28623,542
121677,31.32692,-89.28617,543
121677,31.327,-89.28608,544
121677,31.32708,-89.28601,545
121677,31.32716,-89.28595,546
121677,31.32749,-89.28561,547
121677,31.32775,-89.28531,548
121677,31.32781,-89.28542,549
121677,31.32782,-89.28545,550
121677,31.32783,-89.28548,551
121677,31.32783,-89.28552,552
121677,31.32783,-89.28555,553
121677,31.32782,-89.28557,554
